{
    "camera_angle_x": 0.683230996131897,
    "frames": [
        {
            "file_path": "C:\\Users\\maria\\OneDrive\\Documentos\\Guillem\\Blender\\microphone\\relighting/r_0",
            "rotation": 0.6283185307179586,
            "transform_matrix": [
                [
                    0.2986093759536743,
                    0.28665176033973694,
                    0.910309374332428,
                    1.0789750814437866
                ],
                [
                    0.9543754458427429,
                    -0.08968892693519592,
                    -0.2848218083381653,
                    -0.3375947177410126
                ],
                [
                    0.0,
                    0.9538273215293884,
                    -0.30035537481307983,
                    -0.05600637197494507
                ],
                [
                    0.0,
                    0.0,
                    0.0,
                    1.0
                ]
            ],
            "COLMAP_transform_matrix": {
                "x_pos": 2.9068903728557416e-08,
                "y_pos": 0.2861482799053192,
                "z_pos": 1.0951772928237915,
                "w_rotation": 0.6497410535812378,
                "x_rotation": 0.47659340500831604,
                "y_rotation": 0.3502585291862488,
                "z_rotation": -0.47750839591026306
            },
            "light_transform_matrix": [
                [
                    0.6670480370521545,
                    -0.38630396127700806,
                    0.6370370388031006,
                    0.8600000143051147
                ],
                [
                    0.7450147271156311,
                    0.3458767831325531,
                    -0.5703703165054321,
                    -0.7699999809265137
                ],
                [
                    0.0,
                    0.8550664186477661,
                    0.5185185074806213,
                    1.0
                ],
                [
                    0.0,
                    0.0,
                    0.0,
                    1.0
                ]
            ],
            "light_COLMAP_transform_matrix": {
                "x_pos": 8.246151139701396e-08,
                "y_pos": 0.25651997327804565,
                "z_pos": 1.5055556297302246,
                "w_rotation": 0.4479544460773468,
                "x_rotation": 0.7955254912376404,
                "y_rotation": 0.35552558302879333,
                "z_rotation": -0.20019382238388062
            }
        },
        {
            "file_path": "C:\\Users\\maria\\OneDrive\\Documentos\\Guillem\\Blender\\microphone\\relighting/r_1",
            "rotation": 0.6283185307179586,
            "transform_matrix": [
                [
                    0.2986093759536743,
                    0.28665176033973694,
                    0.910309374332428,
                    1.0789750814437866
                ],
                [
                    0.9543754458427429,
                    -0.08968892693519592,
                    -0.2848218083381653,
                    -0.3375947177410126
                ],
                [
                    0.0,
                    0.9538273215293884,
                    -0.30035537481307983,
                    -0.05600637197494507
                ],
                [
                    0.0,
                    0.0,
                    0.0,
                    1.0
                ]
            ],
            "COLMAP_transform_matrix": {
                "x_pos": 2.9068903728557416e-08,
                "y_pos": 0.2861482799053192,
                "z_pos": 1.0951772928237915,
                "w_rotation": 0.6497410535812378,
                "x_rotation": 0.47659340500831604,
                "y_rotation": 0.3502585291862488,
                "z_rotation": -0.47750839591026306
            },
            "light_transform_matrix": [
                [
                    0.10174457728862762,
                    -0.5158276557922363,
                    0.8506290912628174,
                    1.1483492851257324
                ],
                [
                    0.9948105812072754,
                    0.05275643989443779,
                    -0.0869983658194542,
                    -0.11744779348373413
                ],
                [
                    0.0,
                    0.8550664186477661,
                    0.5185185074806213,
                    1.0
                ],
                [
                    0.0,
                    0.0,
                    0.0,
                    1.0
                ]
            ],
            "light_COLMAP_transform_matrix": {
                "x_pos": -7.19918133995634e-08,
                "y_pos": 0.2565198540687561,
                "z_pos": 1.505555510520935,
                "w_rotation": 0.3641667068004608,
                "x_rotation": 0.6467263102531433,
                "y_rotation": 0.5839558243751526,
                "z_rotation": -0.3288211226463318
            }
        },
        {
            "file_path": "C:\\Users\\maria\\OneDrive\\Documentos\\Guillem\\Blender\\microphone\\relighting/r_2",
            "rotation": 0.6283185307179586,
            "transform_matrix": [
                [
                    0.2986093759536743,
                    0.28665176033973694,
                    0.910309374332428,
                    1.0789750814437866
                ],
                [
                    0.9543754458427429,
                    -0.08968892693519592,
                    -0.2848218083381653,
                    -0.3375947177410126
                ],
                [
                    0.0,
                    0.9538273215293884,
                    -0.30035537481307983,
                    -0.05600637197494507
                ],
                [
                    0.0,
                    0.0,
                    0.0,
                    1.0
                ]
            ],
            "COLMAP_transform_matrix": {
                "x_pos": 2.9068903728557416e-08,
                "y_pos": 0.2861482799053192,
                "z_pos": 1.0951772928237915,
                "w_rotation": 0.6497410535812378,
                "x_rotation": 0.47659340500831604,
                "y_rotation": 0.3502585291862488,
                "z_rotation": -0.47750839591026306
            },
            "light_transform_matrix": [
                [
                    -0.5024219751358032,
                    -0.4483228325843811,
                    0.7393096685409546,
                    0.99806809425354
                ],
                [
                    0.8646225929260254,
                    -0.26051512360572815,
                    0.42960411310195923,
                    0.5799655914306641
                ],
                [
                    1.4901161193847656e-08,
                    0.8550664186477661,
                    0.5185185074806213,
                    1.0
                ],
                [
                    0.0,
                    0.0,
                    0.0,
                    1.0
                ]
            ],
            "light_COLMAP_transform_matrix": {
                "x_pos": -1.4873808851234571e-09,
                "y_pos": 0.25651997327804565,
                "z_pos": 1.505555510520935,
                "w_rotation": 0.2447318136692047,
                "x_rotation": 0.4346209466457367,
                "y_rotation": 0.7552244067192078,
                "z_rotation": -0.4252612292766571
            }
        },
        {
            "file_path": "C:\\Users\\maria\\OneDrive\\Documentos\\Guillem\\Blender\\microphone\\relighting/r_3",
            "rotation": 0.6283185307179586,
            "transform_matrix": [
                [
                    0.2986093759536743,
                    0.28665176033973694,
                    0.910309374332428,
                    1.0789750814437866
                ],
                [
                    0.9543754458427429,
                    -0.08968892693519592,
                    -0.2848218083381653,
                    -0.3375947177410126
                ],
                [
                    0.0,
                    0.9538273215293884,
                    -0.30035537481307983,
                    -0.05600637197494507
                ],
                [
                    0.0,
                    0.0,
                    0.0,
                    1.0
                ]
            ],
            "COLMAP_transform_matrix": {
                "x_pos": 2.9068903728557416e-08,
                "y_pos": 0.2861482799053192,
                "z_pos": 1.0951772928237915,
                "w_rotation": 0.6497410535812378,
                "x_rotation": 0.47659340500831604,
                "y_rotation": 0.3502585291862488,
                "z_rotation": -0.47750839591026306
            },
            "light_transform_matrix": [
                [
                    -0.9146803021430969,
                    -0.20957379043102264,
                    0.34559911489486694,
                    0.4665588140487671
                ],
                [
                    0.40417811274528503,
                    -0.4742785692214966,
                    0.7821123600006104,
                    1.055851697921753
                ],
                [
                    0.0,
                    0.8550663590431213,
                    0.5185185074806213,
                    1.0
                ],
                [
                    0.0,
                    0.0,
                    0.0,
                    1.0
                ]
            ],
            "light_COLMAP_transform_matrix": {
                "x_pos": 3.3803360111051006e-10,
                "y_pos": 0.25652015209198,
                "z_pos": 1.505555510520935,
                "w_rotation": 0.10134083777666092,
                "x_rotation": 0.17997190356254578,
                "y_rotation": 0.8525663018226624,
                "z_rotation": -0.4800737798213959
            }
        },
        {
            "file_path": "C:\\Users\\maria\\OneDrive\\Documentos\\Guillem\\Blender\\microphone\\relighting/r_4",
            "rotation": 0.6283185307179586,
            "transform_matrix": [
                [
                    0.2986093759536743,
                    0.28665176033973694,
                    0.910309374332428,
                    1.0789750814437866
                ],
                [
                    0.9543754458427429,
                    -0.08968892693519592,
                    -0.2848218083381653,
                    -0.3375947177410126
                ],
                [
                    0.0,
                    0.9538273215293884,
                    -0.30035537481307983,
                    -0.05600637197494507
                ],
                [
                    0.0,
                    0.0,
                    0.0,
                    1.0
                ]
            ],
            "COLMAP_transform_matrix": {
                "x_pos": 2.9068903728557416e-08,
                "y_pos": 0.2861482799053192,
                "z_pos": 1.0951772928237915,
                "w_rotation": 0.6497410535812378,
                "x_rotation": 0.47659340500831604,
                "y_rotation": 0.3502585291862488,
                "z_rotation": -0.47750839591026306
            },
            "light_transform_matrix": [
                [
                    -0.9775618314743042,
                    0.10922525078058243,
                    -0.1801186054944992,
                    -0.24316012859344482
                ],
                [
                    -0.21064868569374084,
                    -0.5068839192390442,
                    0.8358802199363708,
                    1.1284383535385132
                ],
                [
                    0.0,
                    0.8550664186477661,
                    0.5185185074806213,
                    1.0
                ],
                [
                    0.0,
                    0.0,
                    0.0,
                    1.0
                ]
            ],
            "light_COLMAP_transform_matrix": {
                "x_pos": -7.762755771523189e-09,
                "y_pos": 0.25651973485946655,
                "z_pos": 1.505555510520935,
                "w_rotation": 0.05197008699178696,
                "x_rotation": 0.09229405969381332,
                "y_rotation": -0.866453230381012,
                "z_rotation": 0.4878932535648346
            }
        },
        {
            "file_path": "C:\\Users\\maria\\OneDrive\\Documentos\\Guillem\\Blender\\microphone\\relighting/r_5",
            "rotation": 0.6283185307179586,
            "transform_matrix": [
                [
                    0.2986093759536743,
                    0.28665176033973694,
                    0.910309374332428,
                    1.0789750814437866
                ],
                [
                    0.9543754458427429,
                    -0.08968892693519592,
                    -0.2848218083381653,
                    -0.3375947177410126
                ],
                [
                    0.0,
                    0.9538273215293884,
                    -0.30035537481307983,
                    -0.05600637197494507
                ],
                [
                    0.0,
                    0.0,
                    0.0,
                    1.0
                ]
            ],
            "COLMAP_transform_matrix": {
                "x_pos": 2.9068903728557416e-08,
                "y_pos": 0.2861482799053192,
                "z_pos": 1.0951772928237915,
                "w_rotation": 0.6497410535812378,
                "x_rotation": 0.47659340500831604,
                "y_rotation": 0.3502585291862488,
                "z_rotation": -0.47750839591026306
            },
            "light_transform_matrix": [
                [
                    -0.6670479774475098,
                    0.38630393147468567,
                    -0.6370370984077454,
                    -0.8600000739097595
                ],
                [
                    -0.7450147867202759,
                    -0.3458767235279083,
                    0.5703703165054321,
                    0.7699999213218689
                ],
                [
                    -1.4901161193847656e-08,
                    0.8550664186477661,
                    0.5185185074806213,
                    1.0
                ],
                [
                    0.0,
                    0.0,
                    0.0,
                    1.0
                ]
            ],
            "light_COLMAP_transform_matrix": {
                "x_pos": -3.6747774601053607e-08,
                "y_pos": 0.25651997327804565,
                "z_pos": 1.5055556297302246,
                "w_rotation": 0.20019382238388062,
                "x_rotation": 0.3555256128311157,
                "y_rotation": -0.7955254912376404,
                "z_rotation": 0.4479544460773468
            }
        },
        {
            "file_path": "C:\\Users\\maria\\OneDrive\\Documentos\\Guillem\\Blender\\microphone\\relighting/r_6",
            "rotation": 0.6283185307179586,
            "transform_matrix": [
                [
                    0.2986093759536743,
                    0.28665176033973694,
                    0.910309374332428,
                    1.0789750814437866
                ],
                [
                    0.9543754458427429,
                    -0.08968892693519592,
                    -0.2848218083381653,
                    -0.3375947177410126
                ],
                [
                    0.0,
                    0.9538273215293884,
                    -0.30035537481307983,
                    -0.05600637197494507
                ],
                [
                    0.0,
                    0.0,
                    0.0,
                    1.0
                ]
            ],
            "COLMAP_transform_matrix": {
                "x_pos": 2.9068903728557416e-08,
                "y_pos": 0.2861482799053192,
                "z_pos": 1.0951772928237915,
                "w_rotation": 0.6497410535812378,
                "x_rotation": 0.47659340500831604,
                "y_rotation": 0.3502585291862488,
                "z_rotation": -0.47750839591026306
            },
            "light_transform_matrix": [
                [
                    -0.10174441337585449,
                    0.5158276557922363,
                    -0.8506290912628174,
                    -1.1483492851257324
                ],
                [
                    -0.9948105812072754,
                    -0.052756357938051224,
                    0.08699823170900345,
                    0.1174476146697998
                ],
                [
                    3.725290298461914e-09,
                    0.8550664186477661,
                    0.5185185074806213,
                    1.0
                ],
                [
                    0.0,
                    0.0,
                    0.0,
                    1.0
                ]
            ],
            "light_COLMAP_transform_matrix": {
                "x_pos": -1.7901978566214893e-08,
                "y_pos": 0.25652000308036804,
                "z_pos": 1.5055556297302246,
                "w_rotation": 0.32882118225097656,
                "x_rotation": 0.5839558243751526,
                "y_rotation": -0.6467262506484985,
                "z_rotation": 0.3641666769981384
            }
        },
        {
            "file_path": "C:\\Users\\maria\\OneDrive\\Documentos\\Guillem\\Blender\\microphone\\relighting/r_7",
            "rotation": 0.6283185307179586,
            "transform_matrix": [
                [
                    0.2986093759536743,
                    0.28665176033973694,
                    0.910309374332428,
                    1.0789750814437866
                ],
                [
                    0.9543754458427429,
                    -0.08968892693519592,
                    -0.2848218083381653,
                    -0.3375947177410126
                ],
                [
                    0.0,
                    0.9538273215293884,
                    -0.30035537481307983,
                    -0.05600637197494507
                ],
                [
                    0.0,
                    0.0,
                    0.0,
                    1.0
                ]
            ],
            "COLMAP_transform_matrix": {
                "x_pos": 2.9068903728557416e-08,
                "y_pos": 0.2861482799053192,
                "z_pos": 1.0951772928237915,
                "w_rotation": 0.6497410535812378,
                "x_rotation": 0.47659340500831604,
                "y_rotation": 0.3502585291862488,
                "z_rotation": -0.47750839591026306
            },
            "light_transform_matrix": [
                [
                    0.5024217963218689,
                    0.4483228921890259,
                    -0.7393097281455994,
                    -0.9980681538581848
                ],
                [
                    -0.8646226525306702,
                    0.260515034198761,
                    -0.4296039938926697,
                    -0.5799654126167297
                ],
                [
                    -1.4901161193847656e-08,
                    0.8550664186477661,
                    0.5185185074806213,
                    1.0
                ],
                [
                    0.0,
                    0.0,
                    0.0,
                    1.0
                ]
            ],
            "light_COLMAP_transform_matrix": {
                "x_pos": -3.346226407074937e-08,
                "y_pos": 0.25651997327804565,
                "z_pos": 1.5055556297302246,
                "w_rotation": 0.4252612590789795,
                "x_rotation": 0.755224347114563,
                "y_rotation": -0.43462106585502625,
                "z_rotation": 0.2447318583726883
            }
        },
        {
            "file_path": "C:\\Users\\maria\\OneDrive\\Documentos\\Guillem\\Blender\\microphone\\relighting/r_8",
            "rotation": 0.6283185307179586,
            "transform_matrix": [
                [
                    0.2986093759536743,
                    0.28665176033973694,
                    0.910309374332428,
                    1.0789750814437866
                ],
                [
                    0.9543754458427429,
                    -0.08968892693519592,
                    -0.2848218083381653,
                    -0.3375947177410126
                ],
                [
                    0.0,
                    0.9538273215293884,
                    -0.30035537481307983,
                    -0.05600637197494507
                ],
                [
                    0.0,
                    0.0,
                    0.0,
                    1.0
                ]
            ],
            "COLMAP_transform_matrix": {
                "x_pos": 2.9068903728557416e-08,
                "y_pos": 0.2861482799053192,
                "z_pos": 1.0951772928237915,
                "w_rotation": 0.6497410535812378,
                "x_rotation": 0.47659340500831604,
                "y_rotation": 0.3502585291862488,
                "z_rotation": -0.47750839591026306
            },
            "light_transform_matrix": [
                [
                    0.9146801829338074,
                    0.20957398414611816,
                    -0.3455994129180908,
                    -0.4665592312812805
                ],
                [
                    -0.4041784703731537,
                    0.4742785096168518,
                    -0.7821122407913208,
                    -1.0558515787124634
                ],
                [
                    0.0,
                    0.8550663590431213,
                    0.5185185074806213,
                    1.0
                ],
                [
                    0.0,
                    0.0,
                    0.0,
                    1.0
                ]
            ],
            "light_COLMAP_transform_matrix": {
                "x_pos": -1.3012909505505377e-07,
                "y_pos": 0.25652018189430237,
                "z_pos": 1.5055557489395142,
                "w_rotation": 0.4800737798213959,
                "x_rotation": 0.8525662422180176,
                "y_rotation": -0.1799720972776413,
                "z_rotation": 0.10134095698595047
            }
        },
        {
            "file_path": "C:\\Users\\maria\\OneDrive\\Documentos\\Guillem\\Blender\\microphone\\relighting/r_9",
            "rotation": 0.6283185307179586,
            "transform_matrix": [
                [
                    0.2986093759536743,
                    0.28665176033973694,
                    0.910309374332428,
                    1.0789750814437866
                ],
                [
                    0.9543754458427429,
                    -0.08968892693519592,
                    -0.2848218083381653,
                    -0.3375947177410126
                ],
                [
                    0.0,
                    0.9538273215293884,
                    -0.30035537481307983,
                    -0.05600637197494507
                ],
                [
                    0.0,
                    0.0,
                    0.0,
                    1.0
                ]
            ],
            "COLMAP_transform_matrix": {
                "x_pos": 2.9068903728557416e-08,
                "y_pos": 0.2861482799053192,
                "z_pos": 1.0951772928237915,
                "w_rotation": 0.6497410535812378,
                "x_rotation": 0.47659340500831604,
                "y_rotation": 0.3502585291862488,
                "z_rotation": -0.47750839591026306
            },
            "light_transform_matrix": [
                [
                    0.9775619506835938,
                    -0.10922490060329437,
                    0.18011805415153503,
                    0.24315935373306274
                ],
                [
                    0.21064803004264832,
                    0.506883978843689,
                    -0.8358803987503052,
                    -1.1284384727478027
                ],
                [
                    0.0,
                    0.8550664186477661,
                    0.5185185074806213,
                    1.0
                ],
                [
                    0.0,
                    0.0,
                    0.0,
                    1.0
                ]
            ],
            "light_COLMAP_transform_matrix": {
                "x_pos": 3.037515128312407e-09,
                "y_pos": 0.25651997327804565,
                "z_pos": 1.505555510520935,
                "w_rotation": 0.48789331316947937,
                "x_rotation": 0.8664531707763672,
                "y_rotation": 0.09229377657175064,
                "z_rotation": -0.05196993798017502
            }
        },
        {
            "file_path": "C:\\Users\\maria\\OneDrive\\Documentos\\Guillem\\Blender\\microphone\\relighting/r_10",
            "rotation": 0.6283185307179586,
            "transform_matrix": [
                [
                    0.8314832448959351,
                    0.1416604071855545,
                    0.5371853709220886,
                    0.6367172002792358
                ],
                [
                    0.5555500388145447,
                    -0.21202096343040466,
                    -0.8039970993995667,
                    -0.9529649019241333
                ],
                [
                    0.0,
                    0.9669433236122131,
                    -0.2549912929534912,
                    -0.002237081527709961
                ],
                [
                    0.0,
                    0.0,
                    0.0,
                    1.0
                ]
            ],
            "COLMAP_transform_matrix": {
                "x_pos": 5.965743099523024e-08,
                "y_pos": 0.29008302092552185,
                "z_pos": 1.1087865829467773,
                "w_rotation": 0.7580394744873047,
                "x_rotation": 0.5840528607368469,
                "y_rotation": 0.1771627515554428,
                "z_rotation": -0.22993870079517365
            },
            "light_transform_matrix": [
                [
                    0.6670486330986023,
                    -0.38630369305610657,
                    0.6370365619659424,
                    0.859999418258667
                ],
                [
                    0.7450141906738281,
                    0.34587711095809937,
                    -0.5703708529472351,
                    -0.7700006365776062
                ],
                [
                    0.0,
                    0.8550664186477661,
                    0.5185185074806213,
                    1.0
                ],
                [
                    0.0,
                    0.0,
                    0.0,
                    1.0
                ]
            ],
            "light_COLMAP_transform_matrix": {
                "x_pos": -4.3234599900188186e-08,
                "y_pos": 0.25651994347572327,
                "z_pos": 1.5055556297302246,
                "w_rotation": 0.44795459508895874,
                "x_rotation": 0.7955256104469299,
                "y_rotation": 0.35552528500556946,
                "z_rotation": -0.2001936286687851
            }
        },
        {
            "file_path": "C:\\Users\\maria\\OneDrive\\Documentos\\Guillem\\Blender\\microphone\\relighting/r_11",
            "rotation": 0.6283185307179586,
            "transform_matrix": [
                [
                    0.8314832448959351,
                    0.1416604071855545,
                    0.5371853709220886,
                    0.6367172002792358
                ],
                [
                    0.5555500388145447,
                    -0.21202096343040466,
                    -0.8039970993995667,
                    -0.9529649019241333
                ],
                [
                    0.0,
                    0.9669433236122131,
                    -0.2549912929534912,
                    -0.002237081527709961
                ],
                [
                    0.0,
                    0.0,
                    0.0,
                    1.0
                ]
            ],
            "COLMAP_transform_matrix": {
                "x_pos": 5.965743099523024e-08,
                "y_pos": 0.29008302092552185,
                "z_pos": 1.1087865829467773,
                "w_rotation": 0.7580394744873047,
                "x_rotation": 0.5840528607368469,
                "y_rotation": 0.1771627515554428,
                "z_rotation": -0.22993870079517365
            },
            "light_transform_matrix": [
                [
                    0.10174550116062164,
                    -0.5158277153968811,
                    0.8506289720535278,
                    1.1483491659164429
                ],
                [
                    0.9948104619979858,
                    0.05275693163275719,
                    -0.08699915558099747,
                    -0.11744886636734009
                ],
                [
                    0.0,
                    0.8550664186477661,
                    0.5185185074806213,
                    1.0
                ],
                [
                    0.0,
                    0.0,
                    0.0,
                    1.0
                ]
            ],
            "light_COLMAP_transform_matrix": {
                "x_pos": -1.776290048383089e-08,
                "y_pos": 0.2565198838710785,
                "z_pos": 1.505555510520935,
                "w_rotation": 0.36416688561439514,
                "x_rotation": 0.6467265486717224,
                "y_rotation": 0.5839555263519287,
                "z_rotation": -0.32882094383239746
            }
        },
        {
            "file_path": "C:\\Users\\maria\\OneDrive\\Documentos\\Guillem\\Blender\\microphone\\relighting/r_12",
            "rotation": 0.6283185307179586,
            "transform_matrix": [
                [
                    0.8314832448959351,
                    0.1416604071855545,
                    0.5371853709220886,
                    0.6367172002792358
                ],
                [
                    0.5555500388145447,
                    -0.21202096343040466,
                    -0.8039970993995667,
                    -0.9529649019241333
                ],
                [
                    0.0,
                    0.9669433236122131,
                    -0.2549912929534912,
                    -0.002237081527709961
                ],
                [
                    0.0,
                    0.0,
                    0.0,
                    1.0
                ]
            ],
            "COLMAP_transform_matrix": {
                "x_pos": 5.965743099523024e-08,
                "y_pos": 0.29008302092552185,
                "z_pos": 1.1087865829467773,
                "w_rotation": 0.7580394744873047,
                "x_rotation": 0.5840528607368469,
                "y_rotation": 0.1771627515554428,
                "z_rotation": -0.22993870079517365
            },
            "light_transform_matrix": [
                [
                    -0.5024208426475525,
                    -0.44832319021224976,
                    0.7393102049827576,
                    0.9980688095092773
                ],
                [
                    0.8646231889724731,
                    -0.2605145275592804,
                    0.4296031594276428,
                    0.579964280128479
                ],
                [
                    0.0,
                    0.8550664186477661,
                    0.5185185074806213,
                    1.0
                ],
                [
                    0.0,
                    0.0,
                    0.0,
                    1.0
                ]
            ],
            "light_COLMAP_transform_matrix": {
                "x_pos": 4.8982990108470403e-08,
                "y_pos": 0.25652000308036804,
                "z_pos": 1.505555510520935,
                "w_rotation": 0.2447320818901062,
                "x_rotation": 0.4346214234828949,
                "y_rotation": 0.7552241086959839,
                "z_rotation": -0.4252610504627228
            }
        },
        {
            "file_path": "C:\\Users\\maria\\OneDrive\\Documentos\\Guillem\\Blender\\microphone\\relighting/r_13",
            "rotation": 0.6283185307179586,
            "transform_matrix": [
                [
                    0.8314832448959351,
                    0.1416604071855545,
                    0.5371853709220886,
                    0.6367172002792358
                ],
                [
                    0.5555500388145447,
                    -0.21202096343040466,
                    -0.8039970993995667,
                    -0.9529649019241333
                ],
                [
                    0.0,
                    0.9669433236122131,
                    -0.2549912929534912,
                    -0.002237081527709961
                ],
                [
                    0.0,
                    0.0,
                    0.0,
                    1.0
                ]
            ],
            "COLMAP_transform_matrix": {
                "x_pos": 5.965743099523024e-08,
                "y_pos": 0.29008302092552185,
                "z_pos": 1.1087865829467773,
                "w_rotation": 0.7580394744873047,
                "x_rotation": 0.5840528607368469,
                "y_rotation": 0.1771627515554428,
                "z_rotation": -0.22993870079517365
            },
            "light_transform_matrix": [
                [
                    -0.9146797060966492,
                    -0.20957452058792114,
                    0.34560027718544006,
                    0.46656036376953125
                ],
                [
                    0.4041794538497925,
                    -0.4742783308029175,
                    0.7821118831634521,
                    1.0558509826660156
                ],
                [
                    0.0,
                    0.8550664186477661,
                    0.5185185074806213,
                    1.0
                ],
                [
                    0.0,
                    0.0,
                    0.0,
                    1.0
                ]
            ],
            "light_COLMAP_transform_matrix": {
                "x_pos": -1.4974624207297893e-08,
                "y_pos": 0.25652015209198,
                "z_pos": 1.505555510520935,
                "w_rotation": 0.10134120285511017,
                "x_rotation": 0.1799725592136383,
                "y_rotation": 0.8525661826133728,
                "z_rotation": -0.4800737202167511
            }
        },
        {
            "file_path": "C:\\Users\\maria\\OneDrive\\Documentos\\Guillem\\Blender\\microphone\\relighting/r_14",
            "rotation": 0.6283185307179586,
            "transform_matrix": [
                [
                    0.8314832448959351,
                    0.1416604071855545,
                    0.5371853709220886,
                    0.6367172002792358
                ],
                [
                    0.5555500388145447,
                    -0.21202096343040466,
                    -0.8039970993995667,
                    -0.9529649019241333
                ],
                [
                    0.0,
                    0.9669433236122131,
                    -0.2549912929534912,
                    -0.002237081527709961
                ],
                [
                    0.0,
                    0.0,
                    0.0,
                    1.0
                ]
            ],
            "COLMAP_transform_matrix": {
                "x_pos": 5.965743099523024e-08,
                "y_pos": 0.29008302092552185,
                "z_pos": 1.1087865829467773,
                "w_rotation": 0.7580394744873047,
                "x_rotation": 0.5840528607368469,
                "y_rotation": 0.1771627515554428,
                "z_rotation": -0.22993870079517365
            },
            "light_transform_matrix": [
                [
                    -0.9775620698928833,
                    0.10922455042600632,
                    -0.18011750280857086,
                    -0.24315863847732544
                ],
                [
                    -0.2106473594903946,
                    -0.506883978843689,
                    0.8358805179595947,
                    1.1284387111663818
                ],
                [
                    -7.450580152834618e-09,
                    0.8550663590431213,
                    0.5185185074806213,
                    1.0
                ],
                [
                    0.0,
                    0.0,
                    0.0,
                    1.0
                ]
            ],
            "light_COLMAP_transform_matrix": {
                "x_pos": -9.287908220301233e-09,
                "y_pos": 0.2565201222896576,
                "z_pos": 1.505555510520935,
                "w_rotation": 0.051969777792692184,
                "x_rotation": 0.09229350090026855,
                "y_rotation": -0.8664531707763672,
                "z_rotation": 0.48789340257644653
            }
        },
        {
            "file_path": "C:\\Users\\maria\\OneDrive\\Documentos\\Guillem\\Blender\\microphone\\relighting/r_15",
            "rotation": 0.6283185307179586,
            "transform_matrix": [
                [
                    0.8314832448959351,
                    0.1416604071855545,
                    0.5371853709220886,
                    0.6367172002792358
                ],
                [
                    0.5555500388145447,
                    -0.21202096343040466,
                    -0.8039970993995667,
                    -0.9529649019241333
                ],
                [
                    0.0,
                    0.9669433236122131,
                    -0.2549912929534912,
                    -0.002237081527709961
                ],
                [
                    0.0,
                    0.0,
                    0.0,
                    1.0
                ]
            ],
            "COLMAP_transform_matrix": {
                "x_pos": 5.965743099523024e-08,
                "y_pos": 0.29008302092552185,
                "z_pos": 1.1087865829467773,
                "w_rotation": 0.7580394744873047,
                "x_rotation": 0.5840528607368469,
                "y_rotation": 0.1771627515554428,
                "z_rotation": -0.22993870079517365
            },
            "light_transform_matrix": [
                [
                    -0.6670486927032471,
                    0.3863036632537842,
                    -0.6370365023612976,
                    -0.8599992990493774
                ],
                [
                    -0.7450141310691833,
                    -0.34587714076042175,
                    0.5703709125518799,
                    0.7700007557868958
                ],
                [
                    1.4901161193847656e-08,
                    0.8550664186477661,
                    0.5185185074806213,
                    1.0
                ],
                [
                    0.0,
                    0.0,
                    0.0,
                    1.0
                ]
            ],
            "light_COLMAP_transform_matrix": {
                "x_pos": -4.97203807015012e-08,
                "y_pos": 0.25652000308036804,
                "z_pos": 1.505555510520935,
                "w_rotation": 0.20019356906414032,
                "x_rotation": 0.3555252254009247,
