{
    "camera_angle_x": 0.942477822303772,
    "frames": [
        {
            "file_path": "C:\\Users\\maria\\OneDrive\\Documentos\\Guillem\\Blender\\lego\\train/r_0",
            "rotation": 0.06283185307179587,
            "transform_matrix": [
                [
                    0.03032647632062435,
                    -0.9960511922836304,
                    0.08343950659036636,
                    0.33635541796684265
                ],
                [
                    0.9995400905609131,
                    0.030220620334148407,
                    -0.002531590638682246,
                    -0.010205168277025223
                ],
                [
                    2.3283067140944524e-10,
                    0.08347785472869873,
                    0.9965096116065979,
                    4.017058849334717
                ],
                [
                    0.0,
                    0.0,
                    0.0,
                    1.0
                ]
            ],
            "COLMAP_transform_matrix": {
                "x_pos": 1.1230822849483957e-07,
                "y_pos": -7.078051567077637e-08,
                "z_pos": 4.031128883361816,
                "w_rotation": 0.0299842432141304,
                "x_rotation": 0.7171221375465393,
                "y_rotation": 0.6956943869590759,
                "z_rotation": -0.029088320210576057
            },
            "light_transform_matrix": [
                [
                    0.03032647632062435,
                    -0.9960511922836304,
                    0.08343950659036636,
                    0.335103839635849
                ],
                [
                    0.9995400905609131,
                    0.030220620334148407,
                    -0.002531590638682246,
                    -0.010167194530367851
                ],
                [
                    2.3283067140944524e-10,
                    0.08347785472869873,
                    0.9965096116065979,
                    4.002111434936523
                ],
                [
                    0.0,
                    0.0,
                    0.0,
                    1.0
                ]
            ],
            "light_COLMAP_transform_matrix": {
                "x_pos": 1.1201162664065123e-07,
                "y_pos": -8.547795005142689e-08,
                "z_pos": 4.016129016876221,
                "w_rotation": 0.0299842432141304,
                "x_rotation": 0.7171221375465393,
                "y_rotation": 0.6956943869590759,
                "z_rotation": -0.029088320210576057
            }
        },
        {
            "file_path": "C:\\Users\\maria\\OneDrive\\Documentos\\Guillem\\Blender\\lego\\train/r_1",
            "rotation": 0.06283185307179587,
            "transform_matrix": [
                [
                    0.8677752017974854,
                    -0.09759239852428436,
                    0.4872801601886749,
                    1.9642890691757202
                ],
                [
                    0.4969569742679596,
                    0.17041368782520294,
                    -0.8508777618408203,
                    -3.429997682571411
                ],
                [
                    -7.450580152834618e-09,
                    0.9805278778076172,
                    0.19638000428676605,
                    0.7916330695152283
                ],
                [
                    0.0,
                    0.0,
                    0.0,
                    1.0
                ]
            ],
            "COLMAP_transform_matrix": {
                "x_pos": -1.0356885127293936e-07,
                "y_pos": -1.9371509552001953e-07,
                "z_pos": 4.031128883361816,
                "w_rotation": 0.6125727295875549,
                "x_rotation": 0.7474237084388733,
                "y_rotation": 0.19886621832847595,
                "z_rotation": -0.16298657655715942
            },
            "light_transform_matrix": [
                [
                    0.8677752017974854,
                    -0.09759239852428436,
                    0.4872801601886749,
                    1.9569798707962036
                ],
                [
                    0.4969569742679596,
                    0.17041368782520294,
                    -0.8508777618408203,
                    -3.417234420776367
                ],
                [
                    -7.450580152834618e-09,
                    0.9805278778076172,
                    0.19638000428676605,
                    0.7886873483657837
                ],
                [
                    0.0,
                    0.0,
                    0.0,
                    1.0
                ]
            ],
            "light_COLMAP_transform_matrix": {
                "x_pos": -1.0362705182842546e-07,
                "y_pos": -2.2351741790771484e-07,
                "z_pos": 4.0161285400390625,
                "w_rotation": 0.6125727295875549,
                "x_rotation": 0.7474237084388733,
                "y_rotation": 0.19886621832847595,
                "z_rotation": -0.16298657655715942
            }
        },
        {
            "file_path": "C:\\Users\\maria\\OneDrive\\Documentos\\Guillem\\Blender\\lego\\train/r_2",
            "rotation": 0.06283185307179587,
            "transform_matrix": [
                [
                    -0.11911801248788834,
                    0.40645357966423035,
                    -0.90587317943573,
                    -3.6516919136047363
                ],
                [
                    -0.9928800463676453,
                    -0.04876313358545303,
                    0.10867960751056671,
                    0.43810153007507324
                ],
                [
                    0.0,
                    0.9123691320419312,
                    0.40936824679374695,
                    1.6502163410186768
                ],
                [
                    0.0,
                    0.0,
                    0.0,
                    1.0
                ]
            ],
            "COLMAP_transform_matrix": {
                "x_pos": -7.334937208725023e-07,
                "y_pos": -1.6391277313232422e-07,
                "z_pos": 4.031129360198975,
                "w_rotation": 0.36065107583999634,
                "x_rotation": 0.5571101307868958,
                "y_rotation": -0.6279430389404297,
                "z_rotation": 0.40650543570518494
            },
            "light_transform_matrix": [
                [
                    -0.11911801248788834,
                    0.40645357966423035,
                    -0.90587317943573,
                    -3.638103723526001
                ],
                [
                    -0.9928800463676453,
                    -0.04876313358545303,
                    0.10867960751056671,
                    0.4364713430404663
                ],
                [
                    0.0,
                    0.9123691320419312,
                    0.40936824679374695,
                    1.644075870513916
                ],
                [
                    0.0,
                    0.0,
                    0.0,
                    1.0
                ]
            ],
            "light_COLMAP_transform_matrix": {
                "x_pos": -7.040671334834769e-07,
                "y_pos": -6.332993507385254e-08,
                "z_pos": 4.016129016876221,
                "w_rotation": 0.36065107583999634,
                "x_rotation": 0.5571101307868958,
                "y_rotation": -0.6279430389404297,
                "z_rotation": 0.40650543570518494
            }
        },
        {
            "file_path": "C:\\Users\\maria\\OneDrive\\Documentos\\Guillem\\Blender\\lego\\train/r_3",
            "rotation": 0.06283185307179587,
            "transform_matrix": [
                [
                    -0.499848335981369,
                    -0.3672925531864166,
                    0.7843772768974304,
                    3.161926031112671
                ],
                [
                    0.8661128282546997,
                    -0.211970716714859,
                    0.45267733931541443,
                    1.824800729751587
                ],
                [
                    0.0,
                    0.9056292772293091,
                    0.4240700900554657,
                    1.7094812393188477
                ],
                [
                    0.0,
                    0.0,
                    0.0,
                    1.0
                ]
            ],
            "COLMAP_transform_matrix": {
                "x_pos": 1.5221498017581325e-07,
                "y_pos": -1.7881393432617188e-07,
                "z_pos": 4.031128883361816,
                "w_rotation": 0.26835253834724426,
                "x_rotation": 0.4219748377799988,
                "y_rotation": 0.73073410987854,
                "z_rotation": -0.4647062420845032
            },
            "light_transform_matrix": [
                [
                    -0.499848335981369,
                    -0.3672925531864166,
                    0.7843772768974304,
                    3.150160312652588
                ],
                [
                    0.8661128282546997,
                    -0.211970716714859,
                    0.45267733931541443,
                    1.8180105686187744
                ],
                [
                    0.0,
                    0.9056292772293091,
                    0.4240700900554657,
                    1.703120231628418
                ],
                [
                    0.0,
                    0.0,
                    0.0,
                    1.0
                ]
            ],
            "light_COLMAP_transform_matrix": {
                "x_pos": 1.5209215575850976e-07,
                "y_pos": -1.7881393432617188e-07,
                "z_pos": 4.016129016876221,
                "w_rotation": 0.26835253834724426,
                "x_rotation": 0.4219748377799988,
                "y_rotation": 0.73073410987854,
                "z_rotation": -0.4647062420845032
            }
        },
        {
            "file_path": "C:\\Users\\maria\\OneDrive\\Documentos\\Guillem\\Blender\\lego\\train/r_4",
            "rotation": 0.06283185307179587,
            "transform_matrix": [
                [
                    -0.3042213022708893,
                    0.7364910244941711,
                    -0.6041773557662964,
                    -2.435516834259033
                ],
                [
                    -0.952601432800293,
                    -0.23520462214946747,
                    0.19294914603233337,
                    0.7778028249740601
                ],
                [
                    0.0,
                    0.6342394351959229,
                    0.7731366753578186,
                    3.1166133880615234
                ],
                [
                    0.0,
                    0.0,
                    0.0,
                    1.0
                ]
            ],
            "COLMAP_transform_matrix": {
                "x_pos": 2.7673081604007166e-09,
                "y_pos": -3.129243850708008e-07,
                "z_pos": 4.031128883361816,
                "w_rotation": 0.19864962995052338,
                "x_rotation": 0.5553626418113708,
                "y_rotation": -0.7603556513786316,
                "z_rotation": 0.27197423577308655
            },
            "light_transform_matrix": [
                [
                    -0.3042213022708893,
                    0.7364910244941711,
                    -0.6041773557662964,
                    -2.4264540672302246
                ],
                [
                    -0.952601432800293,
                    -0.23520462214946747,
                    0.19294914603233337,
                    0.7749086022377014
                ],
                [
                    0.0,
                    0.6342394351959229,
                    0.7731366753578186,
                    3.1050162315368652
                ],
                [
                    0.0,
                    0.0,
                    0.0,
                    1.0
                ]
            ],
            "light_COLMAP_transform_matrix": {
                "x_pos": 6.147448061710747e-08,
                "y_pos": -2.682209014892578e-07,
                "z_pos": 4.0161285400390625,
                "w_rotation": 0.19864962995052338,
                "x_rotation": 0.5553626418113708,
                "y_rotation": -0.7603556513786316,
                "z_rotation": 0.27197423577308655
            }
        },
        {
            "file_path": "C:\\Users\\maria\\OneDrive\\Documentos\\Guillem\\Blender\\lego\\train/r_5",
            "rotation": 0.06283185307179587,
            "transform_matrix": [
                [
                    -0.7674309015274048,
                    0.08158470690250397,
                    -0.6359195709228516,
                    -2.56347393989563
                ],
                [
                    -0.6411316990852356,
                    -0.09765642136335373,
                    0.7611920237541199,
                    3.0684633255004883
                ],
                [
                    -3.725290298461914e-09,
                    0.9918705224990845,
                    0.12725107371807098,
                    0.5129655599594116
                ],
                [
                    0.0,
                    0.0,
                    0.0,
                    1.0
                ]
            ],
            "COLMAP_transform_matrix": {
                "x_pos": -3.410780209378572e-07,
                "y_pos": -2.2351741790771484e-07,
                "z_pos": 4.031128883361816,
                "w_rotation": 0.22526343166828156,
                "x_rotation": 0.25600963830947876,
                "y_rotation": -0.7057511210441589,
                "z_rotation": 0.6209918260574341
            },
            "light_transform_matrix": [
                [
                    -0.7674309015274048,
                    0.08158470690250397,
                    -0.6359195709228516,
                    -2.5539350509643555
                ],
                [
                    -0.6411316990852356,
                    -0.09765642136335373,
                    0.7611920237541199,
                    3.0570454597473145
                ],
                [
                    -3.725290298461914e-09,
                    0.9918705224990845,
                    0.12725107371807098,
                    0.5110567808151245
                ],
                [
                    0.0,
                    0.0,
                    0.0,
                    1.0
                ]
            ],
            "light_COLMAP_transform_matrix": {
                "x_pos": -2.2193032123141165e-07,
                "y_pos": -2.5331974029541016e-07,
                "z_pos": 4.016129016876221,
                "w_rotation": 0.22526343166828156,
                "x_rotation": 0.25600963830947876,
                "y_rotation": -0.7057511210441589,
                "z_rotation": 0.6209918260574341
            }
        },
        {
            "file_path": "C:\\Users\\maria\\OneDrive\\Documentos\\Guillem\\Blender\\lego\\train/r_6",
            "rotation": 0.06283185307179587,
            "transform_matrix": [
                [
                    -0.9909455180168152,
                    0.13412357866764069,
                    -0.006156986579298973,
                    -0.02481960877776146
                ],
                [
                    -0.13426481187343597,
                    -0.9899030923843384,
                    0.045441821217536926,
                    0.18318185210227966
                ],
                [
                    0.0,
                    0.0458579920232296,
                    0.9989479780197144,
                    4.026888370513916
                ],
                [
                    0.0,
                    0.0,
                    0.0,
                    1.0
                ]
            ],
            "COLMAP_transform_matrix": {
                "x_pos": -1.3270455667679926e-07,
                "y_pos": 1.9015278667211533e-06,
                "z_pos": 4.031129360198975,
                "w_rotation": 0.0015431487699970603,
                "x_rotation": 0.06726720184087753,
                "y_rotation": -0.9974714517593384,
                "z_rotation": 0.022882819175720215
            },
            "light_transform_matrix": [
                [
                    -0.9909455180168152,
                    0.13412357866764069,
                    -0.006156986579298973,
                    -0.02472725324332714
                ],
                [
                    -0.13426481187343597,
                    -0.9899030923843384,
                    0.045441821217536926,
                    0.1825002282857895
                ],
                [
                    0.0,
                    0.0458579920232296,
                    0.9989479780197144,
                    4.011904239654541
                ],
                [
                    0.0,
                    0.0,
                    0.0,
                    1.0
                ]
            ],
            "light_COLMAP_transform_matrix": {
                "x_pos": -1.303619825421265e-07,
                "y_pos": 1.8908176571130753e-06,
                "z_pos": 4.016129016876221,
                "w_rotation": 0.0015431487699970603,
                "x_rotation": 0.06726720184087753,
                "y_rotation": -0.9974714517593384,
                "z_rotation": 0.022882819175720215
            }
        },
        {
            "file_path": "C:\\Users\\maria\\OneDrive\\Documentos\\Guillem\\Blender\\lego\\train/r_7",
            "rotation": 0.06283185307179587,
            "transform_matrix": [
                [
                    0.1593177765607834,
                    0.6219639778137207,
                    -0.7666671872138977,
                    -3.0905346870422363
                ],
                [
                    -0.9872274398803711,
                    0.10037191957235336,
                    -0.12372398376464844,
                    -0.4987473785877228
                ],
                [
                    0.0,
                    0.7765863537788391,
                    0.630010724067688,
                    2.5396547317504883
                ],
                [
                    0.0,
                    0.0,
                    0.0,
                    1.0
                ]
            ],
            "COLMAP_transform_matrix": {
                "x_pos": -4.256713452832628e-07,
                "y_pos": -4.6193599700927734e-07,
                "z_pos": 4.031128883361816,
                "w_rotation": 0.3274657130241394,
                "x_rotation": 0.6873318552970886,
                "y_rotation": -0.5853036642074585,
                "z_rotation": 0.2788562476634979
            },
            "light_transform_matrix": [
                [
                    0.1593177765607834,
                    0.6219639778137207,
                    -0.7666671872138977,
                    -3.0790345668792725
                ],
                [
                    -0.9872274398803711,
                    0.10037191957235336,
                    -0.12372398376464844,
                    -0.4968915283679962
                ],
                [
                    0.0,
                    0.7765863537788391,
                    0.630010724067688,
                    2.5302045345306396
                ],
                [
                    0.0,
                    0.0,
                    0.0,
                    1.0
                ]
            ],
            "light_COLMAP_transform_matrix": {
                "x_pos": -4.559967692330247e-07,
                "y_pos": -3.91155481338501e-07,
                "z_pos": 4.016129016876221,
                "w_rotation": 0.3274657130241394,
                "x_rotation": 0.6873318552970886,
                "y_rotation": -0.5853036642074585,
                "z_rotation": 0.2788562476634979
            }
        },
        {
            "file_path": "C:\\Users\\maria\\OneDrive\\Documentos\\Guillem\\Blender\\lego\\train/r_8",
            "rotation": 0.06283185307179587,
            "transform_matrix": [
                [
                    -0.6431064009666443,
                    -0.6493867039680481,
                    0.4058460593223572,
                    1.6360177993774414
                ],
                [
                    0.7657768726348877,
                    -0.5453608632087708,
                    0.34083321690559387,
                    1.3739426136016846
                ],
                [
                    0.0,
                    0.5299794673919678,
                    0.8480104207992554,
                    3.4184393882751465
                ],
                [
                    0.0,
                    0.0,
                    0.0,
                    1.0
                ]
            ],
            "COLMAP_transform_matrix": {
                "x_pos": 4.500556372022402e-08,
                "y_pos": 2.384185791015625e-07,
                "z_pos": 4.031128883361816,
                "w_rotation": 0.11645185202360153,
                "x_rotation": 0.4060613512992859,
                "y_rotation": 0.8712745904922485,
                "z_rotation": -0.2498675137758255
            },
            "light_transform_matrix": [
                [
                    -0.6431064009666443,
                    -0.6493867039680481,
                    0.4058460593223572,
                    1.6299301385879517
                ],
                [
                    0.7657768726348877,
                    -0.5453608632087708,
                    0.34083321690559387,
                    1.3688300848007202
                ],
                [
                    0.0,
                    0.5299794673919678,
                    0.8480104207992554,
                    3.40571928024292
                ],
                [
                    0.0,
                    0.0,
                    0.0,
                    1.0
                ]
            ],
            "light_COLMAP_transform_matrix": {
                "x_pos": 4.483809590283272e-08,
                "y_pos": 2.384185791015625e-07,
                "z_pos": 4.016129016876221,
                "w_rotation": 0.11645185202360153,
                "x_rotation": 0.4060613512992859,
                "y_rotation": 0.8712745904922485,
                "z_rotation": -0.2498675137758255
            }
        },
        {
            "file_path": "C:\\Users\\maria\\OneDrive\\Documentos\\Guillem\\Blender\\lego\\train/r_9",
            "rotation": 0.06283185307179587,
            "transform_matrix": [
                [
                    0.7150785326957703,
                    0.674558699131012,
                    -0.18339398503303528,
                    -0.739284873008728
                ],
                [
                    -0.6990442276000977,
                    0.6900313496589661,
                    -0.18760056793689728,
                    -0.7562421560287476
                ],
                [
                    0.0,
                    0.26234960556030273,
                    0.9649727940559387,
                    3.889930009841919
                ],
                [
                    0.0,
                    0.0,
                    0.0,
                    1.0
                ]
            ],
            "COLMAP_transform_matrix": {
                "x_pos": 5.009582793036316e-08,
                "y_pos": -1.4901161193847656e-07,
                "z_pos": 4.031128883361816,
                "w_rotation": 0.12255023419857025,
                "x_rotation": 0.9178892970085144,
                "y_rotation": -0.37411996722221375,
                "z_rotation": 0.04994991794228554
            },
            "light_transform_matrix": [
                [
                    0.7150785326957703,
                    0.674558699131012,
                    -0.18339398503303528,
                    -0.7365339398384094
                ],
                [
                    -0.6990442276000977,
                    0.6900313496589661,
                    -0.18760056793689728,
                    -0.7534281611442566
                ],
                [
                    0.0,
                    0.26234960556030273,
                    0.9649727940559387,
                    3.875455379486084
                ],
                [
                    0.0,
                    0.0,
                    0.0,
                    1.0
                ]
            ],
            "light_COLMAP_transform_matrix": {
                "x_pos": -9.2516359018191e-09,
                "y_pos": -1.4901161193847656e-07,
                "z_pos": 4.016129016876221,
                "w_rotation": 0.12255023419857025,
                "x_rotation": 0.9178892970085144,
                "y_rotation": -0.37411996722221375,
                "z_rotation": 0.04994991794228554
            }
        },
        {
            "file_path": "C:\\Users\\maria\\OneDrive\\Documentos\\Guillem\\Blender\\lego\\train/r_10",
            "rotation": 0.06283185307179587,
            "transform_matrix": [
                [
                    -0.1944604367017746,
                    -0.19378797709941864,
                    0.9615774750709534,
                    3.8762431144714355
                ],
                [
                    0.9809104204177856,
                    -0.03841746225953102,
                    0.19062776863574982,
                    0.7684451937675476
                ],
                [
                    -3.725290298461914e-09,
                    0.9802910089492798,
                    0.19755926728248596,
                    0.7963869571685791
                ],
                [
                    0.0,
                    0.0,
                    0.0,
                    1.0
                ]
            ],
            "COLMAP_transform_matrix": {
                "x_pos": 2.6053959345517796e-07,
                "y_pos": -1.2479722499847412e-07,
                "z_pos": 4.031128883361816,
                "w_rotation": 0.4019943177700043,
                "x_rotation": 0.49109095335006714,
                "y_rotation": 0.5980044603347778,
                "z_rotation": -0.4895108938217163
            },
            "light_transform_matrix": [
                [
                    -0.1944604367017746,
                    -0.19378797709941864,
                    0.9615774750709534,
                    3.8618195056915283
                ],
                [
                    0.9809104204177856,
                    -0.03841746225953102,
                    0.19062776863574982,
                    0.7655857801437378
                ],
                [
                    -3.725290298461914e-09,
                    0.9802910089492798,
                    0.19755926728248596,
                    0.793423593044281
                ],
                [
                    0.0,
                    0.0,
                    0.0,
                    1.0
                ]
            ],
            "light_COLMAP_transform_matrix": {
                "x_pos": 2.606790872050624e-07,
                "y_pos": -6.51925802230835e-08,
                "z_pos": 4.016129016876221,
                "w_rotation": 0.4019943177700043,
                "x_rotation": 0.49109095335006714,
                "y_rotation": 0.5980044603347778,
                "z_rotation": -0.4895108938217163
            }
        },
        {
            "file_path": "C:\\Users\\maria\\OneDrive\\Documentos\\Guillem\\Blender\\lego\\train/r_11",
            "rotation": 0.06283185307179587,
            "transform_matrix": [
                [
                    0.983142077922821,
                    -0.1276777684688568,
                    0.13088157773017883,
                    0.5276005864143372
                ],
                [
                    0.18284310400485992,
                    0.6865196824073792,
                    -0.7037464380264282,
                    -2.83689284324646
                ],
                [
                    -7.450580596923828e-09,
                    0.7158135771751404,
                    0.6982913017272949,
                    2.8149025440216064
                ],
                [
                    0.0,
                    0.0,
                    0.0,
                    1.0
                ]
            ],
            "COLMAP_transform_matrix": {
                "x_pos": 6.40833519582884e-08,
                "y_pos": 2.7567148208618164e-07,
                "z_pos": 4.031128883361816,
                "w_rotation": 0.38675934076309204,
                "x_rotation": 0.9175992012023926,
                "y_rotation": 0.08460145443677902,
                "z_rotation": -0.035658709704875946
            },
            "light_transform_matrix": [
                [
                    0.983142077922821,
                    -0.1276777684688568,
                    0.13088157773017883,
                    0.5256373882293701
                ],
                [
                    0.18284310400485992,
                    0.6865196824073792,
                    -0.7037464380264282,
                    -2.826336622238159
                ],
                [
                    -7.450580596923828e-09,
                    0.7158135771751404,
                    0.6982913017272949,
                    2.8044281005859375
                ],
                [
                    0.0,
                    0.0,
                    0.0,
                    1.0
                ]
            ],
            "light_COLMAP_transform_matrix": {
                "x_pos": 4.462040070762896e-09,
                "y_pos": 2.384185791015625e-07,
                "z_pos": 4.0161285400390625,
                "w_rotation": 0.38675934076309204,
                "x_rotation": 0.9175992012023926,
                "y_rotation": 0.08460145443677902,
                "z_rotation": -0.035658709704875946
            }
        },
        {
            "file_path": "C:\\Users\\maria\\OneDrive\\Documentos\\Guillem\\Blender\\lego\\train/r_12",
            "rotation": 0.06283185307179587,
            "transform_matrix": [
                [
                    0.7675997018814087,
                    -0.5231809020042419,
                    0.37023288011550903,
                    1.4924565553665161
                ],
                [
                    0.6409295201301575,
                    0.6265798211097717,
                    -0.44340386986732483,
                    -1.7874183654785156
                ],
                [
                    0.0,
                    0.5776498913764954,
                    0.8162844777107239,
                    3.29054856300354
                ],
                [
                    0.0,
                    0.0,
                    0.0,
                    1.0
                ]
            ],
            "COLMAP_transform_matrix": {
                "x_pos": 2.5627156219343306e-07,
                "y_pos": 2.980232238769531e-07,
                "z_pos": 4.031129360198975,
                "w_rotation": 0.2849277853965759,
                "x_rotation": 0.8958883881568909,
                "y_rotation": 0.32484811544418335,
                "z_rotation": -0.10331449657678604
            },
            "light_transform_matrix": [
                [
                    0.7675997018814087,
                    -0.5231809020042419,
                    0.37023288011550903,
                    1.4869030714035034
                ],
                [
                    0.6409295201301575,
                    0.6265798211097717,
                    -0.44340386986732483,
                    -1.7807673215866089
                ],
                [
                    0.0,
                    0.5776498913764954,
                    0.8162844777107239,
                    3.2783043384552
                ],
                [
                    0.0,
                    0.0,
                    0.0,
                    1.0
                ]
            ],
            "light_COLMAP_transform_matrix": {
                "x_pos": 3.7497085259019514e-07,
                "y_pos": 2.980232238769531e-07,
                "z_pos": 4.016129493713379,
                "w_rotation": 0.2849277853965759,
                "x_rotation": 0.8958883881568909,
                "y_rotation": 0.32484811544418335,
                "z_rotation": -0.10331449657678604
            }
        },
        {
            "file_path": "C:\\Users\\maria\\OneDrive\\Documentos\\Guillem\\Blender\\lego\\train/r_13",
            "rotation": 0.06283185307179587,
            "transform_matrix": [
                [
                    0.861565351486206,
                    0.3001779615879059,
                    -0.4093876779079437,
                    -1.650294542312622
                ],
                [
                    -0.5076465606689453,
                    0.5094547271728516,
                    -0.6948027610778809,
                    -2.800839424133301
                ],
                [
                    1.4901159417490817e-08,
                    0.8064423203468323,
                    0.591312825679779,
                    2.3836581707000732
                ],
                [
                    0.0,
                    0.0,
                    0.0,
                    1.0
                ]
            ],
            "COLMAP_transform_matrix": {
                "x_pos": 1.8960844272442046e-07,
                "y_pos": -1.7881393432617188e-07,
                "z_pos": 4.031128883361816,
                "w_rotation": 0.43611863255500793,
                "x_rotation": 0.8605714440345764,
                "y_rotation": -0.2346767783164978,
                "z_rotation": 0.11892902106046677
            },
            "light_transform_matrix": [
                [
                    0.861565351486206,
                    0.3001779615879059,
                    -0.4093876779079437,
                    -1.6441537141799927
                ],
                [
                    -0.5076465606689453,
                    0.5094547271728516,
                    -0.6948027610778809,
                    -2.790417432785034
                ],
                [
                    1.4901159417490817e-08,
                    0.8064423203468323,
                    0.591312825679779,
                    2.374788522720337
                ],
                [
                    0.0,
                    0.0,
                    0.0,
                    1.0
                ]
            ],
            "light_COLMAP_transform_matrix": {
                "x_pos": 7.05807821077542e-08,
                "y_pos": -2.682209014892578e-07,
                "z_pos": 4.0161285400390625,
                "w_rotation": 0.43611863255500793,
                "x_rotation": 0.8605714440345764,
                "y_rotation": -0.2346767783164978,
                "z_rotation": 0.11892902106046677
            }
        },
        {
            "file_path": "C:\\Users\\maria\\OneDrive\\Documentos\\Guillem\\Blender\\lego\\train/r_14",
            "rotation": 0.06283185307179587,
            "transform_matrix": [
                [
                    -0.19249367713928223,
                    -0.799950122833252,
                    0.5683537721633911,
                    2.291107416152954
                ],
                [
                    0.9812982082366943,
                    -0.15692003071308136,
                    0.11148956418037415,
                    0.4494287967681885
                ],
                [
                    7.450580596923828e-09,
                    0.5791855454444885,
                    0.8151957392692566,
                    3.286159038543701
                ],
                [
                    0.0,
                    0.0,
                    0.0,
                    1.0
                ]
            ],
            "COLMAP_transform_matrix": {
                "x_pos": 4.038111001136713e-08,
                "y_pos": -2.682209014892578e-07,
                "z_pos": 4.031128883361816,
                "w_rotation": 0.19315187633037567,
                "x_rotation": 0.6053474545478821,
                "y_rotation": 0.7356305718421936,
                "z_rotation": -0.23472216725349426
            },
            "light_transform_matrix": [
                [
                    -0.19249367713928223,
                    -0.799950122833252,
                    0.5683537721633911,
                    2.2825820446014404
                ],
                [
                    0.9812982082366943,
                    -0.15692003071308136,
                    0.11148956418037415,
                    0.44775643944740295
                ],
                [
                    7.450580596923828e-09,
                    0.5791855454444885,
                    0.8151957392692566,
                    3.2739310264587402
                ],
                [
                    0.0,
                    0.0,
                    0.0,
                    1.0
                ]
            ],
            "light_COLMAP_transform_matrix": {
                "x_pos": 6.958958920222358e-08,
                "y_pos": -2.2351741790771484e-07,
                "z_pos": 4.016129016876221,
                "w_rotation": 0.19315187633037567,
                "x_rotation": 0.6053474545478821,
                "y_rotation": 0.7356305718421936,
                "z_rotation": -0.23472216725349426
            }
        },
        {
            "file_path": "C:\\Users\\maria\\OneDrive\\Documentos\\Guillem\\Blender\\lego\\train/r_15",
            "rotation": 0.06283185307179587,
            "transform_matrix": [
                [
                    0.9999960064888,
                    0.0020347938407212496,
                    -0.0019509498961269855,
                    -0.007864531129598618
                ],
                [
                    -0.002818969776853919,
                    0.7218188643455505,
                    -0.6920762062072754,
                    -2.789848566055298
                ],
                [
                    0.0,
                    0.6920790672302246,
                    0.721821665763855,
                    2.9097564220428467
                ],
                [
                    0.0,
                    0.0,
                    0.0,
                    1.0
                ]
            ],
            "COLMAP_transform_matrix": {
                "x_pos": -5.05726793775807e-10,
                "y_pos": -2.865272108465433e-08,
                "z_pos": 4.031128406524658,
                "w_rotation": 0.372946172952652,
                "x_rotation": 0.9278519153594971,
                "y_rotation": -0.0013077958719804883,
                "z_rotation": 0.0005256631993688643
            },
            "light_transform_matrix": [
                [
                    0.9999960064888,
                    0.0020347938407212496,
                    -0.0019509498961269855,
                    -0.00783526711165905
                ],
                [
                    -0.002818969776853919,
                    0.7218188643455505,
                    -0.6920762062072754,
                    -2.7794673442840576
                ],
                [
                    0.0,
                    0.6920790672302246,
                    0.721821665763855,
                    2.8989291191101074
                ],
                [
                    0.0,
                    0.0,
                    0.0,
                    1.0
                ]
            ],
