{
    "camera_angle_x": 0.7343867481118056,
    "frames": [
        {
            "file_path": "r_0",
            "transform_matrix": [
                [
                    0.21362897592872596,
                    -0.3749367577144149,
                    0.9021003759883077,
                    68.8755227925811
                ],
                [
                    0.9769127554865508,
                    0.08006925538127968,
                    -0.19806661129620595,
                    -17.2871631039293
                ],
                [
                    0.0020319476663244198,
                    0.9235861313690727,
                    0.38338561414245986,
                    29.4826946328281
                ],
                [
                    0.0,
                    0.0,
                    0.0,
                    1.0
                ]
            ]
        },
        {
            "file_path": "r_1",
            "transform_matrix": [
                [
                    -0.15019770045875402,
                    -0.3961093239387551,
                    0.9058355558630302,
                    68.6831416734243
                ],
                [
                    0.98865284203057,
                    -0.0578679794294896,
                    0.138624871150977,
                    8.01622043964785
                ],
                [
                    -0.0024917306795285694,
                    0.9163780335895938,
                    0.4003062463073619,
                    30.7309439168105
                ],
                [
                    0.0,
                    0.0,
                    0.0,
                    1.0
                ]
            ]
        },
        {
            "file_path": "r_10",
            "transform_matrix": [
                [
                    0.9888180639974677,
                    0.14514099305479597,
                    -0.034248042971352796,
                    -2.76422268013021
                ],
                [
                    -0.14910740132850697,
                    0.9659776050196268,
                    -0.21131552112801694,
                    -17.8591544643749
                ],
                [
                    0.0024122979416645292,
                    0.21405924118246691,
                    0.9768177015610575,
                    75.173157651479
                ],
                [
                    0.0,
                    0.0,
                    0.0,
                    1.0
                ]
            ]
        },
        {
            "file_path": "r_11",
            "transform_matrix": [
                [
                    0.6586211946921553,
                    0.28581325283930015,
                    -0.6960811061964663,
                    -53.8301759333242
                ],
                [
                    -0.7524547405809998,
                    0.24342638177937895,
                    -0.6120093626987909,
                    -48.4405912094044
                ],
                [
                    -0.005475881614655369,
                    0.9268518658098598,
                    0.3753873114069309,
                    29.4783001909244
                ],
                [
                    0.0,
                    0.0,
                    0.0,
                    1.0
                ]
            ]
        },
        {
            "file_path": "r_12",
            "transform_matrix": [
                [
                    -0.9798562740832042,
                    0.08505375104280441,
                    -0.18068630709970604,
                    -14.2529974930027
                ],
                [
                    -0.19970121315378095,
                    -0.4125460381063429,
                    0.8887773578954787,
                    65.3009153399187
                ],
                [
                    0.0010524279968739903,
                    0.9069573451250664,
                    0.4212211610531962,
                    32.8079045124552
                ],
                [
                    0.0,
                    0.0,
                    0.0,
                    1.0
                ]
            ]
        },
        {
            "file_path": "r_13",
            "transform_matrix": [
                [
                    0.3122418564471571,
                    0.5125541205703311,
                    -0.7998707999225922,
                    -62.2254652566804
                ],
                [
                    -0.949980525864549,
                    0.162714309860032,
                    -0.266572792769421,
                    -21.7547464727879
                ],
                [
                    -0.006482558179311652,
                    0.8430968668267893,
                    0.5377226511746582,
                    42.2812501609744
                ],
                [
                    0.0,
                    0.0,
                    0.0,
                    1.0
                ]
            ]
        },
        {
            "file_path": "r_14",
            "transform_matrix": [
                [
                    -0.6374114250497842,
                    0.6959483868658662,
                    -0.33070004238705814,
                    -25.4796052576308
                ],
                [
                    -0.7705236341774402,
                    -0.5756825531499811,
                    0.27364745051381306,
                    19.6840052795192
                ],
                [
                    6.62570268565865e-05,
                    0.429238209875959,
                    0.903191316827442,
                    69.5782303411561
                ],
                [
                    0.0,
                    0.0,
                    0.0,
                    1.0
                ]
            ]
        },
        {
            "file_path": "r_15",
            "transform_matrix": [
                [
                    0.9709442589389793,
                    -0.15481424952256007,
                    0.18248231195982506,
                    13.1625196967277
                ],
                [
                    0.239279023878799,
                    0.639461558900139,
                    -0.730639763098487,
                    -58.6415652356374
                ],
                [
                    -0.0035769770820977,
                    0.753074672813905,
                    0.657925331934547,
                    51.4907192628932
                ],
                [
                    0.0,
                    0.0,
                    0.0,
                    1.0
                ]
            ]
        },
        {
            "file_path": "r_16",
            "transform_matrix": [
                [
                    -0.7489117533785349,
                    -0.43396152173671987,
                    0.5008079305516628,
                    38.3422869229394
                ],
                [
                    0.6626580307459411,
                    -0.48593717993000907,
                    0.5698678719225901,
                    41.8304493389223
                ],
                [
                    -0.0039395354295342095,
                    0.7586451441969557,
                    0.6514921528667709,
                    50.3913956642128
                ],
                [
                    0.0,
                    0.0,
                    0.0,
                    1.0
                ]
            ]
        },
        {
            "file_path": "r_17",
            "transform_matrix": [
                [
                    -0.80821674933991,
                    0.368640435873792,
                    -0.459227519999847,
                    -35.2270569659171
                ],
                [
                    -0.58888511998564,
                    -0.505993486187813,
                    0.630226076416235,
                    46.3596464211095
                ],
                [
                    -3.931828899550461e-05,
                    0.7797915240461931,
                    0.6260392779049792,
                    48.1928826341739
                ],
                [
                    0.0,
                    0.0,
                    0.0,
                    1.0
                ]
            ]
        },
        {
            "file_path": "r_18",
            "transform_matrix": [
                [
                    0.9965491373100053,
                    0.037985709359522404,
                    -0.07380313551020871,
                    -6.27998144620453
                ],
                [
                    -0.08299851006404094,
                    0.46706826525442124,
                    -0.8803172626498784,
                    -70.9377497628127
                ],
                [
                    0.0010316267899014304,
                    0.8834049589382434,
                    0.4686092340847402,
                    37.5421066794827
                ],
                [
                    0.0,
                    0.0,
                    0.0,
                    1.0
                ]
            ]
        },
        {
            "file_path": "r_2",
            "transform_matrix": [
                [
                    -0.9579109938929866,
                    0.08556956142599906,
                    -0.2740152877784612,
                    -21.3083586682919
                ],
                [
                    -0.28706242472620014,
                    -0.2898602847689251,
                    0.9130039318776193,
                    68.1286293125132
                ],
                [
                    -0.0013008033155230705,
                    0.9532359967348273,
                    0.30222415925881013,
                    23.8059124960955
                ],
                [
                    0.0,
                    0.0,
                    0.0,
                    1.0
                ]
            ]
        },
        {
            "file_path": "r_20",
            "transform_matrix": [
                [
                    0.0939002541637473,
                    -0.700558177052443,
                    0.707390262042772,
                    53.894144652579
                ],
                [
                    0.9955696757566372,
                    0.06955275297450722,
                    -0.06327270554900821,
                    -6.92427916471253
                ],
                [
                    -0.00487472889584373,
                    0.710197616948005,
                    0.703985498358856,
                    54.9935002890301
                ],
                [
                    0.0,
                    0.0,
                    0.0,
                    1.0
                ]
            ]
        },
        {
            "file_path": "r_21",
            "transform_matrix": [
                [
                    0.40138708535454815,
                    0.5443699970222222,
                    -0.7365797404576143,
                    -57.2064344224235
                ],
                [
                    -0.9159016775207836,
                    0.2354551025598359,
                    -0.32509231272540384,
                    -26.5473401254791
                ],
                [
                    -0.0035390429773305416,
                    0.8051224757889713,
                    0.5930980308129862,
                    46.2709667001063
                ],
                [
                    0.0,
                    0.0,
                    0.0,
                    1.0
                ]
            ]
        },
        {
            "file_path": "r_22",
            "transform_matrix": [
                [
                    -0.6615359401446753,
                    0.3973814053060812,
                    -0.6359702969588004,
                    -48.7493294181103
                ],
                [
                    -0.7499091266242651,
                    -0.35343141765086206,
                    0.5592160001492571,
                    41.2378478451613
                ],
                [
                    -0.00254984362903166,
                    0.846861412354032,
                    0.531807527742135,
                    40.7029439695456
                ],
                [
                    0.0,
                    0.0,
                    0.0,
                    1.0
                ]
            ]
        },
        {
            "file_path": "r_23",
            "transform_matrix": [
                [
                    -0.7852395991507136,
                    0.5458591251788858,
                    -0.2922953769469649,
                    -22.5863419336837
                ],
                [
                    -0.619187200849834,
                    -0.690371070685768,
                    0.374159050490475,
                    26.9385500855655
                ],
                [
                    0.00244585963911703,
                    0.47479005909889,
                    0.880095686588395,
                    67.818351857914
                ],
                [
                    0.0,
                    0.0,
                    0.0,
                    1.0
                ]
            ]
        },
        {
            "file_path": "r_24",
            "transform_matrix": [
                [
                    0.9990935802947011,
                    -0.04049704878414761,
                    0.013115138340487902,
                    1.12317357857437
                ],
                [
                    0.04225164377358092,
                    0.9059512260796816,
                    -0.4212685302311962,
                    -32.7995165898521
                ],
                [
                    0.0051784565602293105,
                    0.4214408202873761,
                    0.9068411209154322,
                    69.7963002681593
                ],
                [
                    0.0,
                    0.0,
                    0.0,
                    1.0
                ]
            ]
        },
        {
            "file_path": "r_25",
            "transform_matrix": [
                [
                    -0.9199404456979932,
                    -0.37340716899323506,
                    0.11948498865311602,
                    8.81243860073682
                ],
                [
                    0.392058119111536,
                    -0.876109284832745,
                    0.280576107800684,
                    19.8177276179467
                ],
                [
                    -8.722214386414065e-05,
                    0.30495836957577377,
                    0.9523656783074363,
                    73.7657853717908
                ],
                [
                    0.0,
                    0.0,
                    0.0,
                    1.0
                ]
            ]
        },
        {
            "file_path": "r_26",
            "transform_matrix": [
                [
                    -0.9692078888796392,
                    -0.07131023644612211,
                    0.23569242311001704,
                    18.0300014239379
                ],
                [
                    0.24624370622292702,
                    -0.28193568284840304,
                    0.9272951568310931,
                    70.378165567804
                ],
                [
                    0.00032446736274804877,
                    0.9567795571158504,
                    0.29081398488746685,
                    23.5136944607893
                ],
                [
                    0.0,
                    0.0,
                    0.0,
                    1.0
                ]
            ]
        },
        {
            "file_path": "r_27",
            "transform_matrix": [
                [
                    0.462572536991869,
                    0.726185434018917,
                    -0.508607278201623,
                    -39.3818255839009
                ],
                [
                    -0.8865802027170261,
                    0.37792759589595604,
                    -0.26673259345370604,
                    -22.0428025972363
                ],
                [
                    -0.0014805982382462605,
                    0.5743043162636512,
                    0.8186405561354733,
                    63.8288060850394
                ],
                [
                    0.0,
                    0.0,
                    0.0,
                    1.0
                ]
            ]
        },
        {
            "file_path": "r_28",
            "transform_matrix": [
                [
                    -0.46435433017024713,
                    -0.5167798673227111,
                    0.7192451771003141,
                    54.6264426398399
                ],
                [
                    0.8856276627276461,
                    -0.26524152464277106,
                    0.38119624423221304,
                    26.6765145174987
                ],
                [
                    -0.006220857152191731,
                    0.8139935517773461,
                    0.5808405965505451,
                    45.0363869363252
                ],
                [
                    0.0,
                    0.0,
                    0.0,
                    1.0
                ]
            ]
        },
        {
            "file_path": "r_29",
            "transform_matrix": [
                [
                    -0.7968100325813011,
                    -0.28789343647269405,
                    0.5312354856499412,
                    40.4831862304389
                ],
                [
                    0.6042293493548301,
                    -0.37846358867337204,
                    0.7011934151335931,
                    51.9833429141541
                ],
                [
                    -0.000815693585116462,
                    0.879706019806853,
                    0.475517248225088,
                    36.9366747768695
                ],
                [
                    0.0,
                    0.0,
                    0.0,
                    1.0
                ]
            ]
        },
        {
            "file_path": "r_3",
            "transform_matrix": [
                [
                    0.44564980698197426,
                    -0.7420859607466574,
                    0.5007041805294213,
                    38.1321985028136
                ],
                [
                    0.895207377950455,
                    0.369423301590667,
                    -0.24925925199463,
                    -20.5986362415774
                ],
                [
                    0.0,
                    0.5593164141204529,
                    0.8289542501823838,
                    64.5231266817961
                ],
                [
                    0.0,
                    0.0,
                    0.0,
                    1.0
                ]
            ]
        },
        {
            "file_path": "r_30",
            "transform_matrix": [
                [
                    0.430605279462755,
                    0.698370710390741,
                    -0.571714477835864,
                    -44.3500842124218
                ],
                [
                    -0.9025397948711021,
                    0.33248895205274703,
                    -0.27362933950308604,
                    -22.6602332391065
                ],
                [
                    -0.00100596860348984,
                    0.633821305756755,
                    0.773478855816997,
                    60.1808021604779
                ],
                [
                    0.0,
                    0.0,
                    0.0,
                    1.0
                ]
            ]
        },
        {
            "file_path": "r_31",
            "transform_matrix": [
                [
                    0.9724654506331257,
                    -0.22743555143821595,
                    0.050833229947609686,
                    3.72973827485336
                ],
                [
                    0.233036983026223,
                    0.946976598016486,
                    -0.221199202871888,
                    -18.0353862915892
                ],
                [
                    0.002170683520884561,
                    0.22695460504496812,
                    0.9739029188691934,
                    74.9802106074903
                ],
                [
                    0.0,
                    0.0,
                    0.0,
                    1.0
                ]
            ]
        },
        {
            "file_path": "r_32",
            "transform_matrix": [
                [
                    -0.3591492105614039,
                    -0.42420468607031486,
                    0.8313015270460568,
                    63.4077102642253
                ],
                [
                    0.9332788989667472,
                    -0.16178383203449503,
                    0.32065010281559303,
                    22.4993621238877
                ],
                [
                    -0.0015301295816649895,
                    0.8909974051635727,
                    0.4540058179090259,
                    35.188054682658
                ],
                [
                    0.0,
                    0.0,
                    0.0,
                    1.0
                ]
            ]
        },
        {
            "file_path": "r_33",
            "transform_matrix": [
                [
                    0.1588530843350721,
                    -0.9090261247347194,
                    0.38527548864028816,
                    29.2071552973908
                ],
                [
                    0.9872874192771636,
                    0.14839418236666493,
                    -0.05694487138248227,
                    -6.16376526512341
                ],
                [
                    -0.005408265366357859,
                    0.38942351134658987,
                    0.9210429303111878,
                    71.5092142495117
                ],
                [
                    0.0,
                    0.0,
                    0.0,
                    1.0
                ]
            ]
        },
        {
            "file_path": "r_34",
            "transform_matrix": [
                [
                    0.884566050990609,
                    -0.180370061401167,
                    0.430127356006356,
                    32.292574763941
                ],
                [
                    0.4664126288097879,
                    0.33916738736509694,
                    -0.8169606741053558,
                    -65.1515534072431
                ],
                [
                    0.0014700753797895994,
                    0.9232725081459285,
                    0.38414283096304686,
                    30.4200867219394
                ],
                [
                    0.0,
                    0.0,
                    0.0,
                    1.0
                ]
            ]
        },
        {
            "file_path": "r_35",
            "transform_matrix": [
                [
                    -0.7692729269310022,
                    -0.29367954590918305,
                    0.5674253150905281,
                    43.2040996828948
                ],
                [
                    0.6389201526907656,
                    -0.35297069226569683,
                    0.6835149807334757,
                    50.6622533883693
                ],
                [
                    -0.00044986288734594226,
                    0.8883490387882744,
                    0.4591685778745443,
                    35.7070469912016
                ],
                [
                    0.0,
                    0.0,
                    0.0,
                    1.0
                ]
            ]
        },
        {
            "file_path": "r_36",
            "transform_matrix": [
                [
                    0.11553410235577802,
                    -0.2767789294848251,
                    0.9539629423547221,
                    72.3281866855412
                ],
                [
                    0.993301818875497,
                    0.0304185712870015,
                    -0.111472898677154,
                    -11.1454667352193
                ],
                [
                    0.0018351597952581695,
                    0.9604520470664277,
                    0.27843939641227894,
                    22.0683408003442
                ],
                [
                    0.0,
                    0.0,
                    0.0,
                    1.0
                ]
            ]
        },
        {
            "file_path": "r_38",
            "transform_matrix": [
                [
                    0.6222161024105142,
                    0.6461361313692032,
                    -0.4419900696173032,
                    -34.3504973655055
                ],
                [
                    -0.782843725861797,
                    0.5147681716634,
                    -0.349527438581208,
                    -28.9250841217108
                ],
                [
                    0.0016801130580295096,
                    0.5634907534126539,
                    0.8261206619123818,
                    64.5810972109248
                ],
                [
                    0.0,
                    0.0,
                    0.0,
                    1.0
                ]
            ]
        },
        {
            "file_path": "r_39",
            "transform_matrix": [
                [
                    -0.9638933808642605,
                    0.2319440053126271,
                    -0.13081104206297606,
                    -10.1677288379758
                ],
                [
                    -0.26628841124581293,
                    -0.8399072256923827,
                    0.4729126074296449,
                    34.6295421655651
                ],
                [
                    -0.000179895098973981,
                    0.490670796593053,
                    0.871345016057642,
                    67.5086494771113
                ],
                [
                    0.0,
                    0.0,
                    0.0,
                    1.0
                ]
            ]
        },
        {
            "file_path": "r_4",
            "transform_matrix": [
                [
                    0.0004698466904519581,
                    -0.8816297796529212,
                    0.4719414273755051,
                    35.9455074733252
                ],
                [
                    0.9999897870441414,
                    0.002535605270619081,
                    0.003741191431133662,
                    -1.44889067836355
                ],
                [
                    -0.004495002947746519,
                    0.4719348496721269,
                    0.8816219669526428,
                    68.5208630252442
                ],
                [
                    0.0,
                    0.0,
                    0.0,
                    1.0
                ]
            ]
        },
        {
            "file_path": "r_40",
            "transform_matrix": [
                [
                    -0.6746339435105159,
                    -0.5043701177344249,
                    0.5389618043980599,
                    41.2193283451234
                ],
                [
                    0.7381344589975006,
                    -0.4558594725497528,
                    0.4973425999521138,
                    36.1321733175052
                ],
                [
                    -0.00515390181482966,
                    0.733350479391146,
                    0.679831237641269,
                    52.749157367365
                ],
                [
                    0.0,
                    0.0,
                    0.0,
                    1.0
                ]
            ]
        },
        {
            "file_path": "r_42",
            "transform_matrix": [
                [
                    0.610726129665665,
                    -0.769167852577122,
                    0.188134019001074,
                    14.2997657794359
                ],
                [
                    0.791836685039636,
                    0.592372066941335,
                    -0.148627045093048,
                    -12.5532854564005
                ],
                [
                    0.0028738074114562605,
                    0.23974183796231602,
                    0.9708324223888551,
                    75.0552728555924
                ],
                [
                    0.0,
                    0.0,
                    0.0,
                    1.0
                ]
            ]
        },
        {
            "file_path": "r_43",
            "transform_matrix": [
                [
                    -0.235198436557515,
                    0.938244170014852,
                    -0.253731300540635,
                    -19.567153933424
                ],
                [
                    -0.971947372409651,
                    -0.227049847235471,
                    0.061373220025713,
                    3.33859546046486
                ],
                [
                    -2.658714244474499e-05,
                    0.26104835625510187,
                    0.9653257248150146,
                    74.4810974039464
                ],
                [
                    0.0,
                    0.0,
                    0.0,
                    1.0
                ]
            ]
        },
        {
            "file_path": "r_44",
            "transform_matrix": [
                [
                    0.8070560138888893,
                    0.5525975354836042,
                    -0.20807824062891306,
                    -16.15726500815
                ],
                [
                    -0.59046952329253,
                    0.753776918877309,
                    -0.288385330123644,
                    -23.2646902971046
                ],
                [
                    -0.002516447589278078,
                    0.35560697454532264,
                    0.9346321988602002,
                    72.0617146380988
                ],
                [
                    0.0,
                    0.0,
                    0.0,
                    1.0
                ]
            ]
        },
        {
            "file_path": "r_45",
            "transform_matrix": [
                [
                    -0.9339415111251848,
                    -0.26273944352415096,
                    0.24232465539813694,
                    18.2634567966695
                ],
                [
                    0.35742098746931483,
                    -0.6829754322888857,
                    0.6370202481917426,
                    46.7345303710992
                ],
                [
                    -0.0018685592487168695,
                    0.6815515708340999,
                    0.7317676986447988,
                    56.4744417971898
                ],
                [
                    0.0,
                    0.0,
                    0.0,
                    1.0
                ]
            ]
        },
        {
            "file_path": "r_46",
            "transform_matrix": [
                [
                    0.568248658226305,
                    -0.553324899213333,
                    0.609036138775491,
                    46.3458977311126
                ],
                [
                    0.8228555661465672,
                    0.3834425720063561,
                    -0.41938110500446113,
                    -34.1422923757653
                ],
                [
                    -0.0014763758383249405,
                    0.7394615269800762,
                    0.6731972002546343,
                    52.4471681839132
                ],
                [
                    0.0,
                    0.0,
                    0.0,
                    1.0
                ]
            ]
        },
        {
            "file_path": "r_47",
            "transform_matrix": [
                [
                    -0.3270722956036978,
                    -0.33170734842936184,
                    0.8848694527705706,
                    67.6073478955612
                ],
                [
                    0.9449989851243693,
                    -0.11401923926717204,
                    0.3065559185382781,
                    21.1971235186759
                ],
                [
                    -0.0007947090280004951,
                    0.9364666828429601,
                    0.35075564195414405,
                    26.8878370327158
                ],
                [
                    0.0,
                    0.0,
                    0.0,
                    1.0
                ]
            ]
        },
        {
            "file_path": "r_48",
            "transform_matrix": [
                [
                    -0.9399932346010091,
                    0.16715861951629804,
                    -0.2974402710221631,
                    -23.3195353711828
                ],
                [
                    -0.34118280299588505,
                    -0.4537444999788891,
                    0.8232315735434222,
                    60.459740797082
                ],
                [
                    0.0026483663272118805,
                    0.8753136150319571,
                    0.48354840656906706,
                    37.8141388915406
                ],
                [
                    0.0,
                    0.0,
                    0.0,
                    1.0
                ]
            ]
        },
        {
            "file_path": "r_49",
            "transform_matrix": [
                [
                    -0.9991121612574922,
                    -0.011492454340825202,
                    0.040531626177676104,
                    2.86063542926975
                ],
                [
                    0.04212404672602661,
                    -0.2571267055092261,
                    0.9654591767658514,
                    72.5856559652956
                ],
                [
                    -0.0006737319989149611,
                    0.9663093608193992,
                    0.25738252714199106,
                    20.1794447725531
                ],
                [
                    0.0,
                    0.0,
                    0.0,
                    1.0
                ]
            ]
        },
        {
            "file_path": "r_5",
            "transform_matrix": [
                [
                    0.303997977867142,
                    0.258546679753843,
                    -0.916918122757399,
                    -71.4562197874682
                ],
                [
                    -0.9526525354784195,
                    0.07624198812671665,
                    -0.29434725392472116,
                    -24.5767413723689
                ],
                [
                    -0.006194844568456982,
                    0.9629853444548102,
                    0.26948256022611805,
                    20.4901365508176
                ],
                [
                    0.0,
                    0.0,
                    0.0,
                    1.0
                ]
            ]
        },
        {
            "file_path": "r_50",
            "transform_matrix": [
                [
                    -0.8533304611904051,
                    -0.29485103570598903,
                    0.4299883611769931,
                    32.6812559332743
                ],
                [
                    0.5213701437545118,
                    -0.4817220265145859,
                    0.7043557782627189,
                    52.3953440946684
                ],
                [
                    -0.000545166002393849,
                    0.825231334786668,
                    0.564794605923467,
                    43.709511223606
                ],
                [
                    0.0,
                    0.0,
                    0.0,
                    1.0
                ]
            ]
        },
        {
            "file_path": "r_51",
            "transform_matrix": [
                [
                    0.11044661131729497,
                    0.3062133131807269,
                    -0.9455342156048128,
                    -73.5914149441865
                ],
                [
                    -0.9938597626187505,
                    0.027655301253691287,
                    -0.10713522557949096,
                    -9.69702117293834
                ],
                [
                    -0.006657198804836621,
                    0.9515611336868742,
                    0.30738752505692807,
                    23.6680880014996
                ],
                [
                    0.0,
                    0.0,
                    0.0,
                    1.0
                ]
            ]
        },
        {
            "file_path": "r_52",
            "transform_matrix": [
                [
                    -0.6574185789118401,
                    -0.7420135056454241,
                    0.13121268818725101,
                    9.75074544834096
                ],
                [
                    0.7535226807175364,
                    -0.6468885549891863,
                    0.11721248682738705,
                    7.42313662672426
                ],
                [
                    -0.0020932619985107007,
                    0.17592940306779506,
                    0.9844005604378814,
                    76.1484172654089
                ],
                [
                    0.0,
                    0.0,
                    0.0,
                    1.0
                ]
            ]
        },
        {
            "file_path": "r_53",
            "transform_matrix": [
                [
                    0.41743869023233215,
                    -0.8258730785378753,
                    0.37904959839510116,
                    28.5872705410355
                ],
                [
                    0.9086985787102175,
                    0.38096386064760523,
                    -0.1706851778289571,
                    -14.7478327568807
                ],
                [
                    -0.00343990510713632,
                    0.4156924283973,
                    0.909498747676988,
                    70.5235093061711
                ],
                [
                    0.0,
                    0.0,
                    0.0,
                    1.0
                ]
            ]
        },
        {
            "file_path": "r_54",
            "transform_matrix": [
                [
                    -0.834476409847657,
                    -0.453667074629735,
                    0.312786359684472,
                    23.7327788982524
                ],
                [
                    0.551042937245376,
                    -0.686089747630847,
                    0.475007936257732,
                    34.824986771116
                ],
                [
                    -0.0008959462896624966,
                    0.5687416316683168,
                    0.8225157467717606,
                    63.6146029740576
                ],
                [
                    0.0,
                    0.0,
                    0.0,
                    1.0
                ]
            ]
        },
        {
            "file_path": "r_55",
            "transform_matrix": [
                [
                    0.9990527208062956,
                    -0.026593344710449413,
                    0.03444495705686612,
                    1.96658955554462
                ],
                [
