{
    "camera_angle_x": 0.9397312724208869,
    "frames": [
        {
            "file_path": "r_0",
            "transform_matrix": [
                [
                    0.7032673824840541,
                    -0.6130466213386091,
                    0.35998448410916706,
                    31.2588657543747
                ],
                [
                    0.7105870148590797,
                    0.6217765391618608,
                    -0.32933270360163286,
                    -30.8880970188284
                ],
                [
                    -0.021933605442074896,
                    0.48740924838703586,
                    0.8728981278128027,
                    74.1740755087067
                ],
                [
                    0.0,
                    0.0,
                    0.0,
                    1.0
                ]
            ]
        },
        {
            "file_path": "r_1",
            "transform_matrix": [
                [
                    0.8695272306876353,
                    0.46004189028056514,
                    -0.17967708334614202,
                    -23.658225098055
                ],
                [
                    -0.49387308481817965,
                    0.8073966975562414,
                    -0.3228001686298358,
                    -28.7150168123363
                ],
                [
                    -0.00343091603914231,
                    0.369421212117495,
                    0.92925572199087,
                    87.3853648514831
                ],
                [
                    0.0,
                    0.0,
                    0.0,
                    1.0
                ]
            ]
        },
        {
            "file_path": "r_10",
            "transform_matrix": [
                [
                    0.9646918963683592,
                    0.23263553921619307,
                    -0.12349190651540702,
                    -4.64115946044893
                ],
                [
                    -0.26332674446321896,
                    0.8614197820147728,
                    -0.4342982670976529,
                    -37.1106760404028
                ],
                [
                    0.005345159644170482,
                    0.45148274058618515,
                    0.8922638422692953,
                    84.5794848264516
                ],
                [
                    0.0,
                    0.0,
                    0.0,
                    1.0
                ]
            ]
        },
        {
            "file_path": "r_11",
            "transform_matrix": [
                [
                    0.9746528718087002,
                    -0.15429327931108003,
                    0.16200420807647703,
                    23.1977458089586
                ],
                [
                    0.22347778630044302,
                    0.6375836432389811,
                    -0.7372548927639351,
                    -66.5427947064463
                ],
                [
                    0.010462241887239505,
                    0.7547719402796723,
                    0.6559038494026024,
                    60.9846463120834
                ],
                [
                    0.0,
                    0.0,
                    0.0,
                    1.0
                ]
            ]
        },
        {
            "file_path": "r_12",
            "transform_matrix": [
                [
                    -0.0791364069819453,
                    -0.571908363249324,
                    0.816491428696877,
                    87.9249285585037
                ],
                [
                    0.9968637338466793,
                    -0.04569191851910841,
                    0.06461381217124032,
                    9.17598296901677
                ],
                [
                    0.000353880269414852,
                    0.819043999201216,
                    0.573730600666579,
                    58.92004941679
                ],
                [
                    0.0,
                    0.0,
                    0.0,
                    1.0
                ]
            ]
        },
        {
            "file_path": "r_13",
            "transform_matrix": [
                [
                    0.996791882837772,
                    -0.0609665561717388,
                    0.0518557743871199,
                    2.51223989690196
                ],
                [
                    0.07982470914794673,
                    0.7100973462291922,
                    -0.6995639889872152,
                    -64.2923205477106
                ],
                [
                    0.005827359451361149,
                    0.7014590778561619,
                    0.7126859083600628,
                    64.4245578287106
                ],
                [
                    0.0,
                    0.0,
                    0.0,
                    1.0
                ]
            ]
        },
        {
            "file_path": "r_14",
            "transform_matrix": [
                [
                    -0.06459416066261657,
                    -0.6057182441726557,
                    0.7930529636062696,
                    86.4429516745162
                ],
                [
                    0.9979108675542305,
                    -0.040181386293247176,
                    0.05059008413430378,
                    8.36334508679427
                ],
                [
                    0.0012226305472906593,
                    0.7946639949512927,
                    0.6070483014576328,
                    63.7686651161407
                ],
                [
                    0.0,
                    0.0,
                    0.0,
                    1.0
                ]
            ]
        },
        {
            "file_path": "r_15",
            "transform_matrix": [
                [
                    0.9785339057104004,
                    0.1643949594008081,
                    -0.12428070123215405,
                    -5.00131510231867
                ],
                [
                    -0.20607261510090794,
                    0.7873728871727678,
                    -0.5810146416835749,
                    -51.2450132966238
                ],
                [
                    0.0023393761181707,
                    0.594153375711042,
                    0.804348365728775,
                    75.0620650745145
                ],
                [
                    0.0,
                    0.0,
                    0.0,
                    1.0
                ]
            ]
        },
        {
            "file_path": "r_16",
            "transform_matrix": [
                [
                    0.9689494227360442,
                    0.24555022917265107,
                    -0.02901897883705201,
                    -7.95670320123909
                ],
                [
                    -0.24724491088082703,
                    0.9609451309988332,
                    -0.12431576429869001,
                    -9.87124995216812
                ],
                [
                    -0.0026401179932932185,
                    0.12763048289062495,
                    0.9918182744908906,
                    91.6782368318262
                ],
                [
                    0.0,
                    0.0,
                    0.0,
                    1.0
                ]
            ]
        },
        {
            "file_path": "r_17",
            "transform_matrix": [
                [
                    -0.38476250304202003,
                    0.9213447267212331,
                    -0.055513158762727804,
                    -10.2864342313531
                ],
                [
                    -0.9226077599530653,
                    -0.3821085625346001,
                    0.052801209381306724,
                    7.37303033046195
                ],
                [
                    0.027436062531389603,
                    0.07153279653919652,
                    0.9970608414194471,
                    92.8386039028948
                ],
                [
                    0.0,
                    0.0,
                    0.0,
                    1.0
                ]
            ]
        },
        {
            "file_path": "r_18",
            "transform_matrix": [
                [
                    -0.3223826997069871,
                    0.8801563774441622,
                    -0.34841662729267703,
                    -26.2812553902403
                ],
                [
                    -0.9464529154477558,
                    -0.30639425219031596,
                    0.10173220269501997,
                    13.7676698266066
                ],
                [
                    -0.0172126049765475,
                    0.362556634843587,
                    0.93180277567778,
                    82.4042440432949
                ],
                [
                    0.0,
                    0.0,
                    0.0,
                    1.0
                ]
            ]
        },
        {
            "file_path": "r_19",
            "transform_matrix": [
                [
                    0.7992674177687097,
                    0.5642828943370047,
                    -0.20677623183526592,
                    -25.7890351622
                ],
                [
                    -0.6009551153392828,
                    0.7532789015581547,
                    -0.2672524009525249,
                    -23.3426675696336
                ],
                [
                    0.004954214457199042,
                    0.33786937065379713,
                    0.9411799743583154,
                    85.8043100164895
                ],
                [
                    0.0,
                    0.0,
                    0.0,
                    1.0
                ]
            ]
        },
        {
            "file_path": "r_20",
            "transform_matrix": [
                [
                    0.33087971674905003,
                    0.9286684224474121,
                    -0.16761137847146101,
                    -21.9335831087201
                ],
                [
                    -0.9434535310465277,
                    0.32937286660766296,
                    -0.03753597605616559,
                    -1.22326373519322
                ],
                [
                    0.020348164534103798,
                    0.17055343998783898,
                    0.9851383031373858,
                    91.8149644261015
                ],
                [
                    0.0,
                    0.0,
                    0.0,
                    1.0
                ]
            ]
        },
        {
            "file_path": "r_21",
            "transform_matrix": [
                [
                    0.9977942261310377,
                    0.06624661360527949,
                    -0.0042507041059548795,
                    -6.45885784241533
                ],
                [
                    -0.06511779491669976,
                    0.9643293376299413,
                    -0.2565708505878738,
                    -22.4862838801667
                ],
                [
                    -0.0128978713263164,
                    0.256281709788333,
                    0.966516078574598,
                    89.7753324406532
                ],
                [
                    0.0,
                    0.0,
                    0.0,
                    1.0
                ]
            ]
        },
        {
            "file_path": "r_22",
            "transform_matrix": [
                [
                    0.007943334812092582,
                    -0.7909586848028362,
                    0.6118179977469042,
                    68.2621390977371
                ],
                [
                    0.999900262100474,
                    -0.000862474313146233,
                    -0.0140968787134854,
                    2.46037558030855
                ],
                [
                    0.011677725954421002,
                    0.6118689525323431,
                    0.7908729453227661,
                    82.0458603893702
                ],
                [
                    0.0,
                    0.0,
                    0.0,
                    1.0
                ]
            ]
        },
        {
            "file_path": "r_23",
            "transform_matrix": [
                [
                    0.9715153662857016,
                    0.23685108123951415,
                    0.007710926431522444,
                    -4.8301670760209
                ],
                [
                    -0.23685679157478606,
                    0.9715445583603213,
                    -0.00017721553775035303,
                    2.89769715954159
                ],
                [
                    -0.007533482306191,
                    -0.00165421767657059,
                    0.999970254661718,
                    92.7067464858316
                ],
                [
                    0.0,
                    0.0,
                    0.0,
                    1.0
                ]
            ]
        },
        {
            "file_path": "r_24",
            "transform_matrix": [
                [
                    0.7586373737296788,
                    0.6266579750140099,
                    -0.17823893382725498,
                    -10.5212393830741
                ],
                [
                    -0.6514636777542538,
                    0.7262700251094218,
                    -0.21937850212466495,
                    -17.7581832675804
                ],
                [
                    -0.008025692956852178,
                    0.28254492205470694,
                    0.9592204935642598,
                    89.4497001041178
                ],
                [
                    0.0,
                    0.0,
                    0.0,
                    1.0
                ]
            ]
        },
        {
            "file_path": "r_25",
            "transform_matrix": [
                [
                    0.7549533795643701,
                    0.5734953901577761,
                    -0.31803841301345404,
                    -35.7180112102271
                ],
                [
                    -0.6556157639569257,
                    0.6708651963123377,
                    -0.34656580677843185,
                    -31.4074860415233
                ],
                [
                    0.014607009807394296,
                    0.4701520241842929,
                    0.8824645655321798,
                    78.2501007500849
                ],
                [
                    0.0,
                    0.0,
                    0.0,
                    1.0
                ]
            ]
        },
        {
            "file_path": "r_26",
            "transform_matrix": [
                [
                    -0.0949826527380694,
                    -0.585333166598546,
                    0.805210146333588,
                    86.9824494775165
                ],
                [
                    0.9954789277924668,
                    -0.05584899423475759,
                    0.07682834219301299,
                    10.6045295098248
                ],
                [
                    -1.1102230246251595e-16,
                    0.8088670928667356,
                    0.5879915187120608,
                    61.469175090285
                ],
                [
                    0.0,
                    0.0,
                    0.0,
                    1.0
                ]
            ]
        },
        {
            "file_path": "r_27",
            "transform_matrix": [
                [
                    0.6478589326054397,
                    0.5817937184657488,
                    -0.4917264204790478,
                    -41.0719199445996
                ],
                [
                    -0.761729133240619,
                    0.488939183331544,
                    -0.425096697911873,
                    -38.2014778415806
                ],
                [
                    -0.0068942741340903765,
                    0.6499650330263007,
                    0.7599328423139007,
                    67.8220395082437
                ],
                [
                    0.0,
                    0.0,
                    0.0,
                    1.0
                ]
            ]
        },
        {
            "file_path": "r_28",
            "transform_matrix": [
                [
                    0.979665928103684,
                    -0.158993315514865,
                    0.122375630475753,
                    19.5694323844354
                ],
                [
                    0.20019974638027485,
                    0.7344625551561186,
                    -0.6484480061059785,
                    -58.4490789205606
                ],
                [
                    0.013218580181730392,
                    0.6597619879131685,
                    0.7513583621966574,
                    68.5140110972683
                ],
                [
                    0.0,
                    0.0,
                    0.0,
                    1.0
                ]
            ]
        },
        {
            "file_path": "r_29",
            "transform_matrix": [
                [
                    0.20694719090522096,
                    -0.6229327395346989,
                    0.7544055024933428,
                    83.2328499403554
                ],
                [
                    0.9783338641793797,
                    0.12705429191377296,
                    -0.16346270861004597,
                    -12.5103536511991
                ],
                [
                    0.005975815951072107,
                    0.7718885987771067,
                    0.6357297229968357,
                    66.2158274661561
                ],
                [
                    0.0,
                    0.0,
                    0.0,
                    1.0
                ]
            ]
        },
        {
            "file_path": "r_3",
            "transform_matrix": [
                [
                    0.714823929654582,
                    0.485304529645028,
                    -0.503494054681085,
                    -56.0197637996124
                ],
                [
                    -0.6993044755992777,
                    0.49607474721614075,
                    -0.5146679469145727,
                    -47.3073503788642
                ],
                [
                    -2.775557561562889e-17,
                    0.7199926101568407,
                    0.6939817298168157,
                    67.4031202191644
                ],
                [
                    0.0,
                    0.0,
                    0.0,
                    1.0
                ]
            ]
        },
        {
            "file_path": "r_30",
            "transform_matrix": [
                [
                    -0.525142050920795,
                    0.777204237954389,
                    -0.346669004758774,
                    -25.1072793479942
                ],
                [
                    -0.8506472199070406,
                    -0.4913564663999278,
                    0.18699767429409292,
                    21.9233439660363
                ],
                [
                    -0.0250026722396672,
                    0.39309336732221,
                    0.919158566814324,
                    85.9356085449294
                ],
                [
                    0.0,
                    0.0,
                    0.0,
                    1.0
                ]
            ]
        },
        {
            "file_path": "r_31",
            "transform_matrix": [
                [
                    0.4265580220320101,
                    0.8450207934643102,
                    -0.32247187854615605,
                    -35.8832042479548
                ],
                [
                    -0.9042624985813768,
                    0.4058925794023719,
                    -0.13251621653765597,
                    -10.6407753880086
                ],
                [
                    0.018909984122289804,
                    0.34812508182984503,
                    0.9372573498786011,
                    86.4288516191968
                ],
                [
                    0.0,
                    0.0,
                    0.0,
                    1.0
                ]
            ]
        },
        {
            "file_path": "r_32",
            "transform_matrix": [
                [
                    0.999962669619685,
                    -0.00247294830038135,
                    0.00827912397397856,
                    -4.95994997030417
                ],
                [
                    0.0028743316257101204,
                    0.9988031683617182,
                    -0.048825905913754214,
                    -2.73141301429275
                ],
                [
                    -0.008148471315425178,
                    0.048847880171988683,
                    0.9987729907330918,
                    90.589713059333
                ],
                [
                    0.0,
                    0.0,
                    0.0,
                    1.0
                ]
            ]
        },
        {
            "file_path": "r_33",
            "transform_matrix": [
                [
                    0.906474047655963,
                    -0.272694274438888,
                    0.322401354858294,
                    25.6384584892496
                ],
                [
                    0.421679156013053,
                    0.624674669908257,
                    -0.657242912597108,
                    -61.8542681151828
                ],
                [
                    -0.02216958074331,
                    0.731723574489205,
                    0.681240867994872,
                    56.9668872154784
                ],
                [
                    0.0,
                    0.0,
                    0.0,
                    1.0
                ]
            ]
        },
        {
            "file_path": "r_34",
            "transform_matrix": [
                [
                    0.5855494020396279,
                    -0.5006190442621469,
                    0.6375833045909289,
                    57.6699591918315
                ],
                [
                    0.8101697348113772,
                    0.3880985409601081,
                    -0.4393228007972021,
                    -39.5415830439959
                ],
                [
                    -0.027511789594599087,
                    0.7737959001097706,
                    0.6328372669230317,
                    64.390907633719
                ],
                [
                    0.0,
                    0.0,
                    0.0,
                    1.0
                ]
            ]
        },
        {
            "file_path": "r_36",
            "transform_matrix": [
                [
                    0.9988169653018482,
                    0.04861211118546051,
                    0.0012379302480999802,
                    -5.84538726329858
                ],
                [
                    -0.04754335937062151,
                    0.9815710511231012,
                    -0.18508889911836002,
                    -16.456696885542
                ],
                [
                    -0.0102126786379808,
                    0.184811077165799,
                    0.982721001582776,
                    91.1666130344477
                ],
                [
                    0.0,
                    0.0,
                    0.0,
                    1.0
                ]
            ]
        },
        {
            "file_path": "r_37",
            "transform_matrix": [
                [
                    0.768322543627373,
                    0.425806675823097,
                    -0.477879842406486,
                    -38.4964717136124
                ],
                [
                    -0.6400607392193997,
                    0.5092072450558838,
                    -0.5753522674783798,
                    -52.3354855283239
                ],
                [
                    -0.0016489584227036,
                    0.747928242819511,
                    0.66377754144671,
                    61.8862628493423
                ],
                [
                    0.0,
                    0.0,
                    0.0,
                    1.0
                ]
            ]
        },
        {
            "file_path": "r_39",
            "transform_matrix": [
                [
                    0.993894840035916,
                    -0.0886684895019784,
                    0.0656577940492866,
                    14.3752318055752
                ],
                [
                    0.10949957727265794,
                    0.7197829865764337,
                    -0.6855087853647237,
                    -61.4647756726372
                ],
                [
                    0.013523665445810204,
                    0.6885131452663391,
                    0.7250977584218301,
                    67.2788941000245
                ],
                [
                    0.0,
                    0.0,
                    0.0,
                    1.0
                ]
            ]
        },
        {
            "file_path": "r_4",
            "transform_matrix": [
                [
                    0.7959951690190761,
                    0.6046718816691821,
                    -0.027633429337368804,
                    -8.42088141523578
                ],
                [
                    -0.6052829123461879,
                    0.7955105897063358,
                    -0.028204568544738393,
                    -0.341062068007118
                ],
                [
                    0.004928176134164299,
                    0.03917674289331429,
                    0.9992201438603318,
                    92.4659637473323
                ],
                [
                    0.0,
                    0.0,
                    0.0,
                    1.0
                ]
            ]
        },
        {
            "file_path": "r_40",
            "transform_matrix": [
                [
                    0.340580304983482,
                    -0.673679083178608,
                    0.655867020626124,
                    72.886459935505
                ],
                [
                    0.9401382466528263,
                    0.23507301133385283,
                    -0.24674026125256485,
                    -20.1157312337475
                ],
                [
                    0.0120471174107328,
                    0.70064054423796,
                    0.713412709959689,
                    72.3437870218789
                ],
                [
                    0.0,
                    0.0,
                    0.0,
                    1.0
                ]
            ]
        },
        {
            "file_path": "r_42",
            "transform_matrix": [
                [
                    0.8468517098494074,
                    0.2870950096454271,
                    -0.44768140117926214,
                    -33.8187113735058
                ],
                [
                    -0.5318267589121519,
                    0.45964291495131787,
                    -0.7112585248979809,
                    -63.0713399478223
                ],
                [
                    0.0015748111415478895,
                    0.8404194465692397,
                    0.5419341969262699,
                    58.1871509414281
                ],
                [
                    0.0,
                    0.0,
                    0.0,
                    1.0
                ]
            ]
        },
        {
            "file_path": "r_43",
            "transform_matrix": [
                [
                    -0.16773312613879196,
                    0.9849831874070988,
                    -0.04091110999545719,
                    -9.79068315373264
                ],
                [
                    -0.9855408913800212,
                    -0.16652987546204903,
                    0.031256231322211704,
                    5.7229925132675
                ],
                [
                    0.023973940301527993,
                    0.045562277203260795,
                    0.9986737851182798,
                    93.2216546707808
                ],
                [
                    0.0,
                    0.0,
                    0.0,
                    1.0
                ]
            ]
        },
        {
            "file_path": "r_44",
            "transform_matrix": [
                [
                    0.974831607137345,
                    0.182977538529677,
                    -0.127367806449046,
                    -5.04996395205421
                ],
                [
                    -0.22290130038399303,
                    0.8109111267295231,
                    -0.5410528207424671,
                    -47.6254774301121
                ],
                [
                    0.0042834580826689485,
                    0.5558258404751217,
                    0.8312877281946237,
                    78.7214275641468
                ],
                [
                    0.0,
                    0.0,
                    0.0,
                    1.0
                ]
            ]
        },
        {
            "file_path": "r_45",
            "transform_matrix": [
                [
                    0.7325853960779111,
                    0.6523277838159871,
                    -0.19438904268269103,
                    -11.7181122688736
                ],
                [
                    -0.6806462048181681,
                    0.6994134399608571,
                    -0.21804032624435504,
                    -17.2963222155178
                ],
                [
                    -0.006275453768096048,
                    0.2920433229228889,
                    0.9563845022877367,
                    91.8416756981231
                ],
                [
                    0.0,
                    0.0,
                    0.0,
                    1.0
                ]
            ]
        },
        {
            "file_path": "r_46",
            "transform_matrix": [
                [
                    0.4483445752760171,
                    0.4991869600521941,
                    -0.7414846732970392,
                    -66.0521485861918
                ],
                [
                    -0.8935306467374585,
                    0.22774657764123388,
                    -0.3869553975765738,
                    -33.5859322368585
                ],
                [
                    -0.024292491875208894,
                    0.8360286330542478,
                    0.5481477898814688,
                    60.0287993028813
                ],
                [
                    0.0,
                    0.0,
                    0.0,
                    1.0
                ]
            ]
        },
        {
            "file_path": "r_47",
            "transform_matrix": [
                [
                    0.2790482787360921,
                    0.9415631102796064,
                    -0.18865568503233104,
                    -24.2279653828899
                ],
                [
                    -0.9600537494776054,
                    0.2777832783045711,
                    -0.03366375511372311,
                    -0.631603400196061
                ],
                [
                    0.020708844690507388,
                    0.1905134106958329,
                    0.9814661400662915,
                    91.5712277168185
                ],
                [
                    0.0,
                    0.0,
                    0.0,
                    1.0
                ]
            ]
        },
        {
            "file_path": "r_49",
            "transform_matrix": [
                [
                    0.997747319963949,
                    -0.0665495294122649,
                    0.00845255226328021,
                    8.31345101595242
                ],
                [
                    0.06552370379588639,
                    0.9397533255885888,
                    -0.33551502393492993,
                    -28.2406521885968
                ],
                [
                    0.014385052854485497,
                    0.33531305846953496,
                    0.9419969336861878,
                    87.894102862193
                ],
                [
                    0.0,
                    0.0,
                    0.0,
                    1.0
                ]
            ]
        },
        {
            "file_path": "r_5",
            "transform_matrix": [
                [
                    0.9905696303895553,
                    0.12409440812158203,
                    -0.058072241414071316,
                    2.63467850190036
                ],
                [
                    -0.13615693678140892,
                    0.9388330271537253,
                    -0.3163128762660098,
                    -26.7530215534176
                ],
                [
                    0.015267479038908793,
                    0.3212368674332488,
                    0.9468757991867096,
                    90.5074358993632
                ],
                [
                    0.0,
                    0.0,
                    0.0,
                    1.0
                ]
            ]
        },
        {
            "file_path": "r_50",
            "transform_matrix": [
                [
                    0.887413762294726,
                    0.399889630089344,
                    -0.229314409134985,
                    -28.2302161423279
                ],
                [
                    -0.460969013458569,
                    0.767554372534123,
                    -0.445385062428886,
                    -40.3874544383944
                ],
                [
                    -0.002093590445370659,
                    0.5009476708706778,
                    0.8654750417708706,
                    78.0661477210092
                ],
                [
                    0.0,
                    0.0,
                    0.0,
                    1.0
                ]
            ]
        },
        {
            "file_path": "r_51",
            "transform_matrix": [
                [
                    0.6800990288770533,
                    -0.43024802109941124,
                    0.5935924117275503,
                    52.3144047346101
                ],
                [
                    0.7327088258343747,
                    0.4260297288807248,
                    -0.5306943062199068,
                    -46.9782946934407
                ],
                [
                    -0.024557839174103507,
                    0.7958550813118282,
                    0.6049889272418482,
                    59.7355684186179
                ],
                [
                    0.0,
                    0.0,
                    0.0,
                    1.0
                ]
            ]
        },
        {
            "file_path": "r_54",
            "transform_matrix": [
                [
                    0.04599172687421378,
                    -0.6316982542909196,
                    0.7738488719284486,
                    84.7166480074234
                ],
                [
                    0.998925293733411,
                    0.0246270865599834,
                    -0.0392653046236236,
                    -0.00087630108702335
                ],
                [
                    0.005746181231616845,
                    0.7748230908622763,
                    0.6321520064572145,
                    65.4365947799779
                ],
                [
                    0.0,
                    0.0,
                    0.0,
                    1.0
                ]
            ]
        },
        {
            "file_path": "r_55",
            "transform_matrix": [
                [
                    0.9998943044560058,
                    -0.013551408299516397,
                    0.005266806389098159,
                    7.74900950134955
                ],
                [
                    0.013165195281389588,
                    0.6902109320462584,
                    -0.7234884566577673,
                    -65.0627730520107
                ],
                [
                    0.006169080129429851,
                    0.7234813256863891,
                    0.6903163867629261,
                    63.1080489318117
                ],
                [
                    0.0,
                    0.0,
                    0.0,
                    1.0
                ]
            ]
        },
        {
            "file_path": "r_59",
            "transform_matrix": [
                [
                    0.3315009930192391,
                    -0.8472014265606242,
                    0.4151588063150071,
                    49.273660036805
                ],
                [
                    0.9432371872547117,
                    0.2881595791909559,
                    -0.16512923878075397,
                    -12.1410131332409
                ],
                [
                    0.020265739736772898,
                    0.4463337313649209,
                    0.8946370772770308,
                    85.9662428652982
                ],
                [
                    0.0,
                    0.0,
                    0.0,
                    1.0
                ]
            ]
        },
        {
            "file_path": "r_6",
            "transform_matrix": [
                [
                    0.9975814978323064,
                    0.06922706366143022,
                    -0.006226462837629683,
                    -7.67297132006224
                ],
                [
                    -0.06580771757530678,
                    0.9118646597300716,
                    -0.4051816711586168,
                    -36.0565135292391
                ],
                [
                    -0.022371845926985004,
                    0.4046114877165221,
                    0.9142149881278703,
                    86.0919821188618
                ],
                [
                    0.0,
                    0.0,
                    0.0,
                    1.0
                ]
            ]
        },
        {
            "file_path": "r_60",
            "transform_matrix": [
                [
                    0.9884742836601378,
                    0.14439610491278196,
                    -0.04547917576863509,
                    -11.9595278389588
                ],
                [
                    -0.14948765710467607,
                    0.8835148346720433,
                    -0.44390874882996717,
                    -39.8831589379202
                ],
                [
                    -0.023917167807507394,
                    0.4455909579428749,
                    0.8949171287240058,
                    86.3789616109833
                ],
                [
                    0.0,
                    0.0,
                    0.0,
                    1.0
                ]
            ]
        },
        {
            "file_path": "r_61",
            "transform_matrix": [
                [
                    -0.14717385758467402,
                    -0.8214533310038671,
                    0.5509576032929371,
                    61.7433837871154
