{
    "camera_angle_x": 0.5761108994483948,
    "frames": [
        {
            "file_path": "C:\\Users\\maria\\OneDrive\\Documentos\\Guillem\\Blender\\drums\\relighting/r_0",
            "rotation": 0.6283185307179586,
            "transform_matrix": [
                [
                    0.662158191204071,
                    0.16890744864940643,
                    -0.7300800681114197,
                    -3.212340831756592
                ],
                [
                    -0.7493641972541809,
                    0.14925114810466766,
                    -0.6451182961463928,
                    -1.906006932258606
                ],
                [
                    7.450582373280668e-09,
                    0.9742661118507385,
                    0.22540105879306793,
                    1.3626949787139893
                ],
                [
                    0.0,
                    0.0,
                    0.0,
                    1.0
                ]
            ],
            "COLMAP_transform_matrix": {
                "x_pos": 0.6987839937210083,
                "y_pos": 0.5005662441253662,
                "z_pos": 3.882018804550171,
                "w_rotation": 0.567341685295105,
                "x_rotation": 0.7135842442512512,
                "y_rotation": -0.321711003780365,
                "z_rotation": 0.2557791769504547
            },
            "light_transform_matrix": [
                [
                    0.0,
                    -0.5547001361846924,
                    0.8320503234863281,
                    2.4200000762939453
                ],
                [
                    1.0,
                    0.0,
                    0.0,
                    0.41999998688697815
                ],
                [
                    0.0,
                    0.8320503234863281,
                    0.5547001957893372,
                    2.549999952316284
                ],
                [
                    0.0,
                    0.0,
                    0.0,
                    1.0
                ]
            ],
            "light_COLMAP_transform_matrix": {
                "x_pos": -0.4199996888637543,
                "y_pos": 0.7793540358543396,
                "z_pos": 3.4280474185943604,
                "w_rotation": 0.33365392684936523,
                "x_rotation": 0.6234380602836609,
                "y_rotation": 0.6234381198883057,
                "z_rotation": -0.33365398645401
            }
        },
        {
            "file_path": "C:\\Users\\maria\\OneDrive\\Documentos\\Guillem\\Blender\\drums\\relighting/r_1",
            "rotation": 0.6283185307179586,
            "transform_matrix": [
                [
                    0.662158191204071,
                    0.16890744864940643,
                    -0.7300800681114197,
                    -3.212340831756592
                ],
                [
                    -0.7493641972541809,
                    0.14925114810466766,
                    -0.6451182961463928,
                    -1.906006932258606
                ],
                [
                    7.450582373280668e-09,
                    0.9742661118507385,
                    0.22540105879306793,
                    1.3626949787139893
                ],
                [
                    0.0,
                    0.0,
                    0.0,
                    1.0
                ]
            ],
            "COLMAP_transform_matrix": {
                "x_pos": 0.6987839937210083,
                "y_pos": 0.5005662441253662,
                "z_pos": 3.882018804550171,
                "w_rotation": 0.567341685295105,
                "x_rotation": 0.7135842442512512,
                "y_rotation": -0.321711003780365,
                "z_rotation": 0.2557791769504547
            },
            "light_transform_matrix": [
                [
                    -0.5877852439880371,
                    -0.448761910200119,
                    0.6731427907943726,
                    1.8470511436462402
                ],
                [
                    0.80901700258255,
                    -0.32604458928108215,
                    0.48906686902046204,
                    2.1833558082580566
                ],
                [
                    -1.4901161193847656e-08,
                    0.8320503234863281,
                    0.5547001361846924,
                    2.549999952316284
                ],
                [
                    0.0,
                    0.0,
                    0.0,
                    1.0
                ]
            ],
            "light_COLMAP_transform_matrix": {
                "x_pos": -0.680702269077301,
                "y_pos": 0.5809706449508667,
                "z_pos": 3.7256221771240234,
                "w_rotation": 0.21421898901462555,
                "x_rotation": 0.40027186274528503,
                "y_rotation": 0.7855778336524963,
                "z_rotation": -0.4204285144805908
            }
        },
        {
            "file_path": "C:\\Users\\maria\\OneDrive\\Documentos\\Guillem\\Blender\\drums\\relighting/r_2",
            "rotation": 0.6283185307179586,
            "transform_matrix": [
                [
                    0.662158191204071,
                    0.16890744864940643,
                    -0.7300800681114197,
                    -3.212340831756592
                ],
                [
                    -0.7493641972541809,
                    0.14925114810466766,
                    -0.6451182961463928,
                    -1.906006932258606
                ],
                [
                    7.450582373280668e-09,
                    0.9742661118507385,
                    0.22540105879306793,
                    1.3626949787139893
                ],
                [
                    0.0,
                    0.0,
                    0.0,
                    1.0
                ]
            ],
            "COLMAP_transform_matrix": {
                "x_pos": 0.6987839937210083,
                "y_pos": 0.5005662441253662,
                "z_pos": 3.882018804550171,
                "w_rotation": 0.567341685295105,
                "x_rotation": 0.7135842442512512,
                "y_rotation": -0.321711003780365,
                "z_rotation": 0.2557791769504547
            },
            "light_transform_matrix": [
                [
                    -0.9510565996170044,
                    -0.17141176760196686,
                    0.2571176290512085,
                    0.3470509648323059
                ],
                [
                    0.30901697278022766,
                    -0.5275512933731079,
                    0.7913268208503723,
                    3.273169755935669
                ],
                [
                    1.4901162970204496e-08,
                    0.8320503234863281,
                    0.5547001361846924,
                    2.549999952316284
                ],
                [
                    0.0,
                    0.0,
                    0.0,
                    1.0
                ]
            ],
            "light_COLMAP_transform_matrix": {
                "x_pos": -0.681399941444397,
                "y_pos": 0.3354748785495758,
                "z_pos": 4.093865871429443,
                "w_rotation": 0.07381483912467957,
                "x_rotation": 0.13792428374290466,
                "y_rotation": 0.8708197474479675,
                "z_rotation": -0.46604862809181213
            }
        },
        {
            "file_path": "C:\\Users\\maria\\OneDrive\\Documentos\\Guillem\\Blender\\drums\\relighting/r_3",
            "rotation": 0.6283185307179586,
            "transform_matrix": [
                [
                    0.662158191204071,
                    0.16890744864940643,
                    -0.7300800681114197,
                    -3.212340831756592
                ],
                [
                    -0.7493641972541809,
                    0.14925114810466766,
                    -0.6451182961463928,
                    -1.906006932258606
                ],
                [
                    7.450582373280668e-09,
                    0.9742661118507385,
                    0.22540105879306793,
                    1.3626949787139893
                ],
                [
                    0.0,
                    0.0,
                    0.0,
                    1.0
                ]
            ],
            "COLMAP_transform_matrix": {
                "x_pos": 0.6987839937210083,
                "y_pos": 0.5005662441253662,
                "z_pos": 3.882018804550171,
                "w_rotation": 0.567341685295105,
                "x_rotation": 0.7135842442512512,
                "y_rotation": -0.321711003780365,
                "z_rotation": 0.2557791769504547
            },
            "light_transform_matrix": [
                [
                    -0.9510565400123596,
                    0.17141181230545044,
                    -0.25711768865585327,
                    -1.5070509910583496
                ],
                [
                    -0.30901700258255005,
                    -0.5275512933731079,
                    0.7913268208503723,
                    3.27316951751709
                ],
                [
                    0.0,
                    0.8320502638816833,
                    0.5547001957893372,
                    2.549999952316284
                ],
                [
                    0.0,
                    0.0,
                    0.0,
                    1.0
                ]
            ],
            "light_COLMAP_transform_matrix": {
                "x_pos": -0.42182573676109314,
                "y_pos": 0.13663682341575623,
                "z_pos": 4.3921217918396,
                "w_rotation": 0.07381484657526016,
                "x_rotation": 0.13792429864406586,
                "y_rotation": -0.8708197474479675,
                "z_rotation": 0.46604859828948975
            }
        },
        {
            "file_path": "C:\\Users\\maria\\OneDrive\\Documentos\\Guillem\\Blender\\drums\\relighting/r_4",
            "rotation": 0.6283185307179586,
            "transform_matrix": [
                [
                    0.662158191204071,
                    0.16890744864940643,
                    -0.7300800681114197,
                    -3.212340831756592
                ],
                [
                    -0.7493641972541809,
                    0.14925114810466766,
                    -0.6451182961463928,
                    -1.906006932258606
                ],
                [
                    7.450582373280668e-09,
                    0.9742661118507385,
                    0.22540105879306793,
                    1.3626949787139893
                ],
                [
                    0.0,
                    0.0,
                    0.0,
                    1.0
                ]
            ],
            "COLMAP_transform_matrix": {
                "x_pos": 0.6987839937210083,
                "y_pos": 0.5005662441253662,
                "z_pos": 3.882018804550171,
                "w_rotation": 0.567341685295105,
                "x_rotation": 0.7135842442512512,
                "y_rotation": -0.321711003780365,
                "z_rotation": 0.2557791769504547
            },
            "light_transform_matrix": [
                [
                    -0.5877851843833923,
                    0.44876188039779663,
                    -0.6731428503990173,
                    -3.0070509910583496
                ],
                [
                    -0.8090170621871948,
                    -0.32604455947875977,
                    0.48906683921813965,
                    2.1833555698394775
                ],
                [
                    -1.4901161193847656e-08,
                    0.8320503234863281,
                    0.5547001957893372,
                    2.549999952316284
                ],
                [
                    0.0,
                    0.0,
                    0.0,
                    1.0
                ]
            ],
            "light_COLMAP_transform_matrix": {
                "x_pos": -0.0011290579568594694,
                "y_pos": 0.06040656566619873,
                "z_pos": 4.506467819213867,
                "w_rotation": 0.21421900391578674,
                "x_rotation": 0.4002718925476074,
                "y_rotation": -0.7855778336524963,
                "z_rotation": 0.4204285144805908
            }
        },
        {
            "file_path": "C:\\Users\\maria\\OneDrive\\Documentos\\Guillem\\Blender\\drums\\relighting/r_5",
            "rotation": 0.6283185307179586,
            "transform_matrix": [
                [
                    0.662158191204071,
                    0.16890744864940643,
                    -0.7300800681114197,
                    -3.212340831756592
                ],
                [
                    -0.7493641972541809,
                    0.14925114810466766,
                    -0.6451182961463928,
                    -1.906006932258606
                ],
                [
                    7.450582373280668e-09,
                    0.9742661118507385,
                    0.22540105879306793,
                    1.3626949787139893
                ],
                [
                    0.0,
                    0.0,
                    0.0,
                    1.0
                ]
            ],
            "COLMAP_transform_matrix": {
                "x_pos": 0.6987839937210083,
                "y_pos": 0.5005662441253662,
                "z_pos": 3.882018804550171,
                "w_rotation": 0.567341685295105,
                "x_rotation": 0.7135842442512512,
                "y_rotation": -0.321711003780365,
                "z_rotation": 0.2557791769504547
            },
            "light_transform_matrix": [
                [
                    8.940696716308594e-08,
                    0.5547001361846924,
                    -0.8320503234863281,
                    -3.5799999237060547
                ],
                [
                    -1.0,
                    4.959406041393777e-08,
                    -7.439109594997717e-08,
                    0.41999971866607666
                ],
                [
                    3.552713678800501e-15,
                    0.8320503234863281,
                    0.5547001957893372,
                    2.549999952316284
                ],
                [
                    0.0,
                    0.0,
                    0.0,
                    1.0
                ]
            ],
            "light_COLMAP_transform_matrix": {
                "x_pos": 0.42000001668930054,
                "y_pos": 0.1359015852212906,
                "z_pos": 4.393225193023682,
                "w_rotation": 0.3336539566516876,
                "x_rotation": 0.6234381198883057,
                "y_rotation": -0.6234380602836609,
                "z_rotation": 0.33365392684936523
            }
        },
        {
            "file_path": "C:\\Users\\maria\\OneDrive\\Documentos\\Guillem\\Blender\\drums\\relighting/r_6",
            "rotation": 0.6283185307179586,
            "transform_matrix": [
                [
                    0.662158191204071,
                    0.16890744864940643,
                    -0.7300800681114197,
                    -3.212340831756592
                ],
                [
                    -0.7493641972541809,
                    0.14925114810466766,
                    -0.6451182961463928,
                    -1.906006932258606
                ],
                [
                    7.450582373280668e-09,
                    0.9742661118507385,
                    0.22540105879306793,
                    1.3626949787139893
                ],
                [
                    0.0,
                    0.0,
                    0.0,
                    1.0
                ]
            ],
            "COLMAP_transform_matrix": {
                "x_pos": 0.6987839937210083,
                "y_pos": 0.5005662441253662,
                "z_pos": 3.882018804550171,
                "w_rotation": 0.567341685295105,
                "x_rotation": 0.7135842442512512,
                "y_rotation": -0.321711003780365,
                "z_rotation": 0.2557791769504547
            },
            "light_transform_matrix": [
                [
                    0.5877853631973267,
                    0.44876185059547424,
                    -0.6731427907943726,
                    -3.0070507526397705
                ],
                [
                    -0.8090168833732605,
                    0.3260446786880493,
                    -0.4890669882297516,
                    -1.3433561325073242
                ],
                [
                    1.4901159417490817e-08,
                    0.8320503234863281,
                    0.5547001957893372,
                    2.549999952316284
                ],
                [
                    0.0,
                    0.0,
                    0.0,
                    1.0
                ]
            ],
            "light_COLMAP_transform_matrix": {
                "x_pos": 0.6807024478912354,
                "y_pos": 0.33428454399108887,
                "z_pos": 4.095650672912598,
                "w_rotation": 0.4204285740852356,
                "x_rotation": 0.7855778932571411,
                "y_rotation": -0.4002719223499298,
                "z_rotation": 0.21421903371810913
            }
        },
        {
            "file_path": "C:\\Users\\maria\\OneDrive\\Documentos\\Guillem\\Blender\\drums\\relighting/r_7",
            "rotation": 0.6283185307179586,
            "transform_matrix": [
                [
                    0.662158191204071,
                    0.16890744864940643,
                    -0.7300800681114197,
                    -3.212340831756592
                ],
                [
                    -0.7493641972541809,
                    0.14925114810466766,
                    -0.6451182961463928,
                    -1.906006932258606
                ],
                [
                    7.450582373280668e-09,
                    0.9742661118507385,
                    0.22540105879306793,
                    1.3626949787139893
                ],
                [
                    0.0,
                    0.0,
                    0.0,
                    1.0
                ]
            ],
            "COLMAP_transform_matrix": {
                "x_pos": 0.6987839937210083,
                "y_pos": 0.5005662441253662,
                "z_pos": 3.882018804550171,
                "w_rotation": 0.567341685295105,
                "x_rotation": 0.7135842442512512,
                "y_rotation": -0.321711003780365,
                "z_rotation": 0.2557791769504547
            },
            "light_transform_matrix": [
                [
                    0.9510565996170044,
                    0.17141182720661163,
                    -0.25711774826049805,
                    -1.5070512294769287
                ],
                [
                    -0.3090170919895172,
                    0.5275511741638184,
                    -0.7913268208503723,
                    -2.433169364929199
                ],
                [
                    -1.4901162970204496e-08,
                    0.8320503234863281,
                    0.5547001957893372,
                    2.549999952316284
                ],
                [
                    0.0,
                    0.0,
                    0.0,
                    1.0
                ]
            ],
            "light_COLMAP_transform_matrix": {
                "x_pos": 0.6814000010490417,
                "y_pos": 0.5797801613807678,
                "z_pos": 3.727407455444336,
                "w_rotation": 0.46604859828948975,
                "x_rotation": 0.8708196878433228,
                "y_rotation": -0.13792434334754944,
                "z_rotation": 0.07381485402584076
            }
        },
        {
            "file_path": "C:\\Users\\maria\\OneDrive\\Documentos\\Guillem\\Blender\\drums\\relighting/r_8",
            "rotation": 0.6283185307179586,
            "transform_matrix": [
                [
                    0.662158191204071,
                    0.16890744864940643,
                    -0.7300800681114197,
                    -3.212340831756592
                ],
                [
                    -0.7493641972541809,
                    0.14925114810466766,
                    -0.6451182961463928,
                    -1.906006932258606
                ],
                [
                    7.450582373280668e-09,
                    0.9742661118507385,
                    0.22540105879306793,
                    1.3626949787139893
                ],
                [
                    0.0,
                    0.0,
                    0.0,
                    1.0
                ]
            ],
            "COLMAP_transform_matrix": {
                "x_pos": 0.6987839937210083,
                "y_pos": 0.5005662441253662,
                "z_pos": 3.882018804550171,
                "w_rotation": 0.567341685295105,
                "x_rotation": 0.7135842442512512,
                "y_rotation": -0.321711003780365,
                "z_rotation": 0.2557791769504547
            },
            "light_transform_matrix": [
                [
                    0.9510565996170044,
                    -0.17141158878803253,
                    0.2571173906326294,
                    0.3470500111579895
                ],
                [
                    0.3090166449546814,
                    0.5275512337684631,
                    -0.7913268804550171,
                    -2.4331698417663574
                ],
                [
                    -1.4901160305669237e-08,
                    0.8320502638816833,
                    0.5547001361846924,
                    2.549999952316284
                ],
                [
                    0.0,
                    0.0,
                    0.0,
                    1.0
                ]
            ],
            "light_COLMAP_transform_matrix": {
                "x_pos": 0.42182591557502747,
                "y_pos": 0.7786182165145874,
                "z_pos": 3.4291510581970215,
                "w_rotation": 0.46604862809181213,
                "x_rotation": 0.8708197474479675,
                "y_rotation": 0.1379241645336151,
                "z_rotation": -0.07381478697061539
            }
        },
        {
            "file_path": "C:\\Users\\maria\\OneDrive\\Documentos\\Guillem\\Blender\\drums\\relighting/r_9",
            "rotation": 0.6283185307179586,
            "transform_matrix": [
                [
                    0.662158191204071,
                    0.16890744864940643,
                    -0.7300800681114197,
                    -3.212340831756592
                ],
                [
                    -0.7493641972541809,
                    0.14925114810466766,
                    -0.6451182961463928,
                    -1.906006932258606
                ],
                [
                    7.450582373280668e-09,
                    0.9742661118507385,
                    0.22540105879306793,
                    1.3626949787139893
                ],
                [
                    0.0,
                    0.0,
                    0.0,
                    1.0
                ]
            ],
            "COLMAP_transform_matrix": {
                "x_pos": 0.6987839937210083,
                "y_pos": 0.5005662441253662,
                "z_pos": 3.882018804550171,
                "w_rotation": 0.567341685295105,
                "x_rotation": 0.7135842442512512,
                "y_rotation": -0.321711003780365,
                "z_rotation": 0.2557791769504547
            },
            "light_transform_matrix": [
                [
                    0.5877857208251953,
                    -0.4487616717815399,
                    0.6731424927711487,
                    1.8470499515533447
                ],
                [
                    0.8090166449546814,
                    0.32604485750198364,
                    -0.48906728625297546,
                    -1.3433572053909302
                ],
                [
                    1.4901161193847656e-08,
                    0.8320503234863281,
                    0.5547001957893372,
                    2.549999952316284
                ],
                [
                    0.0,
                    0.0,
                    0.0,
                    1.0
                ]
            ],
            "light_COLMAP_transform_matrix": {
                "x_pos": 0.0011290396796539426,
                "y_pos": 0.854849100112915,
                "z_pos": 3.314805507659912,
                "w_rotation": 0.42042872309684753,
                "x_rotation": 0.7855777740478516,
                "y_rotation": 0.40027177333831787,
                "z_rotation": -0.21421894431114197
            }
        },
        {
            "file_path": "C:\\Users\\maria\\OneDrive\\Documentos\\Guillem\\Blender\\drums\\relighting/r_10",
            "rotation": 0.6283185307179586,
            "transform_matrix": [
                [
                    0.2599281370639801,
                    0.5232363343238831,
                    -0.8115795850753784,
                    -3.5061912536621094
                ],
                [
                    -0.9656281471252441,
                    0.1408449411392212,
                    -0.218461275100708,
                    -0.36767327785491943
                ],
                [
                    7.450581485102248e-09,
                    0.840468168258667,
                    0.5418612360954285,
                    2.5037081241607666
                ],
                [
                    0.0,
                    0.0,
                    0.0,
                    1.0
                ]
            ],
            "COLMAP_transform_matrix": {
                "x_pos": 0.556321918964386,
                "y_pos": 0.21793480217456818,
                "z_pos": 4.282537460327148,
                "w_rotation": 0.3798756003379822,
                "x_rotation": 0.6968920826911926,
                "y_rotation": -0.5341086387634277,
                "z_rotation": 0.29114240407943726
            },
            "light_transform_matrix": [
                [
                    7.74860438923497e-07,
                    -0.5547001361846924,
                    0.8320503234863281,
                    2.4200000762939453
                ],
                [
                    1.0,
                    4.298151736747968e-07,
                    -6.447228315664688e-07,
                    0.4199976623058319
                ],
                [
                    0.0,
                    0.8320503234863281,
                    0.5547001957893372,
                    2.549999952316284
                ],
                [
                    0.0,
                    0.0,
                    0.0,
                    1.0
                ]
            ],
            "light_COLMAP_transform_matrix": {
                "x_pos": -0.4199996292591095,
                "y_pos": 0.7793541550636292,
                "z_pos": 3.428046941757202,
                "w_rotation": 0.3336540758609772,
                "x_rotation": 0.6234383583068848,
                "y_rotation": 0.6234378218650818,
                "z_rotation": -0.33365386724472046
            }
        },
        {
            "file_path": "C:\\Users\\maria\\OneDrive\\Documentos\\Guillem\\Blender\\drums\\relighting/r_11",
            "rotation": 0.6283185307179586,
            "transform_matrix": [
                [
                    0.2599281370639801,
                    0.5232363343238831,
                    -0.8115795850753784,
                    -3.5061912536621094
                ],
                [
                    -0.9656281471252441,
                    0.1408449411392212,
                    -0.218461275100708,
                    -0.36767327785491943
                ],
                [
                    7.450581485102248e-09,
                    0.840468168258667,
                    0.5418612360954285,
                    2.5037081241607666
                ],
                [
                    0.0,
                    0.0,
                    0.0,
                    1.0
                ]
            ],
            "COLMAP_transform_matrix": {
                "x_pos": 0.556321918964386,
                "y_pos": 0.21793480217456818,
                "z_pos": 4.282537460327148,
                "w_rotation": 0.3798756003379822,
                "x_rotation": 0.6968920826911926,
                "y_rotation": -0.5341086387634277,
                "z_rotation": 0.29114240407943726
            },
            "light_transform_matrix": [
                [
                    -0.5877845287322998,
                    -0.4487622082233429,
                    0.6731433272361755,
                    1.847052812576294
                ],
                [
                    0.8090175986289978,
                    -0.3260441720485687,
                    0.4890662431716919,
                    2.1833534240722656
                ],
                [
                    1.4901161193847656e-08,
                    0.8320503234863281,
                    0.5547001957893372,
                    2.549999952316284
                ],
                [
                    0.0,
                    0.0,
                    0.0,
                    1.0
                ]
            ],
            "light_COLMAP_transform_matrix": {
                "x_pos": -0.6807025671005249,
                "y_pos": 0.5809714198112488,
                "z_pos": 3.725621223449707,
                "w_rotation": 0.21421924233436584,
                "x_rotation": 0.40027230978012085,
                "y_rotation": 0.7855775952339172,
                "z_rotation": -0.42042845487594604
            }
        },
        {
            "file_path": "C:\\Users\\maria\\OneDrive\\Documentos\\Guillem\\Blender\\drums\\relighting/r_12",
            "rotation": 0.6283185307179586,
            "transform_matrix": [
                [
                    0.2599281370639801,
                    0.5232363343238831,
                    -0.8115795850753784,
                    -3.5061912536621094
                ],
                [
                    -0.9656281471252441,
                    0.1408449411392212,
                    -0.218461275100708,
                    -0.36767327785491943
                ],
                [
                    7.450581485102248e-09,
                    0.840468168258667,
                    0.5418612360954285,
                    2.5037081241607666
                ],
                [
                    0.0,
                    0.0,
                    0.0,
                    1.0
                ]
            ],
            "COLMAP_transform_matrix": {
                "x_pos": 0.556321918964386,
                "y_pos": 0.21793480217456818,
                "z_pos": 4.282537460327148,
                "w_rotation": 0.3798756003379822,
                "x_rotation": 0.6968920826911926,
                "y_rotation": -0.5341086387634277,
                "z_rotation": 0.29114240407943726
            },
            "light_transform_matrix": [
                [
                    -0.9510561227798462,
                    -0.17141245305538177,
                    0.2571186423301697,
                    0.34705454111099243
                ],
                [
                    0.30901819467544556,
                    -0.527550995349884,
                    0.7913264632225037,
                    3.2731685638427734
                ],
                [
                    -1.4901162970204496e-08,
                    0.8320503234863281,
                    0.5547001361846924,
                    2.549999952316284
                ],
                [
                    0.0,
                    0.0,
                    0.0,
                    1.0
                ]
            ],
            "light_COLMAP_transform_matrix": {
                "x_pos": -0.6814002394676208,
                "y_pos": 0.3354753255844116,
                "z_pos": 4.093864917755127,
                "w_rotation": 0.07381512969732285,
                "x_rotation": 0.13792486488819122,
                "y_rotation": 0.870819628238678,
                "z_rotation": -0.46604856848716736
            }
        },
        {
            "file_path": "C:\\Users\\maria\\OneDrive\\Documentos\\Guillem\\Blender\\drums\\relighting/r_13",
            "rotation": 0.6283185307179586,
            "transform_matrix": [
                [
                    0.2599281370639801,
                    0.5232363343238831,
                    -0.8115795850753784,
                    -3.5061912536621094
                ],
                [
                    -0.9656281471252441,
                    0.1408449411392212,
                    -0.218461275100708,
                    -0.36767327785491943
                ],
                [
                    7.450581485102248e-09,
                    0.840468168258667,
                    0.5418612360954285,
                    2.5037081241607666
                ],
                [
                    0.0,
                    0.0,
                    0.0,
                    1.0
                ]
            ],
            "COLMAP_transform_matrix": {
                "x_pos": 0.556321918964386,
                "y_pos": 0.21793480217456818,
                "z_pos": 4.282537460327148,
                "w_rotation": 0.3798756003379822,
                "x_rotation": 0.6968920826911926,
                "y_rotation": -0.5341086387634277,
                "z_rotation": 0.29114240407943726
            },
            "light_transform_matrix": [
                [
                    -0.951056957244873,
                    0.17141103744506836,
                    -0.25711655616760254,
                    -1.5070469379425049
                ],
                [
                    -0.3090156614780426,
                    -0.5275514721870422,
                    0.7913272380828857,
                    3.2731709480285645
                ],
                [
                    0.0,
                    0.8320503234863281,
                    0.5547001957893372,
                    2.549999952316284
                ],
                [
                    0.0,
                    0.0,
                    0.0,
                    1.0
                ]
            ],
            "light_COLMAP_transform_matrix": {
                "x_pos": -0.42182642221450806,
                "y_pos": 0.13663768768310547,
                "z_pos": 4.392121315002441,
                "w_rotation": 0.0738145112991333,
                "x_rotation": 0.1379236876964569,
                "y_rotation": -0.8708198070526123,
                "z_rotation": 0.4660486876964569
            }
        },
        {
            "file_path": "C:\\Users\\maria\\OneDrive\\Documentos\\Guillem\\Blender\\drums\\relighting/r_14",
            "rotation": 0.6283185307179586,
            "transform_matrix": [
                [
                    0.2599281370639801,
                    0.5232363343238831,
                    -0.8115795850753784,
                    -3.5061912536621094
                ],
                [
                    -0.9656281471252441,
                    0.1408449411392212,
                    -0.218461275100708,
                    -0.36767327785491943
                ],
                [
                    7.450581485102248e-09,
                    0.840468168258667,
                    0.5418612360954285,
                    2.5037081241607666
                ],
                [
                    0.0,
                    0.0,
                    0.0,
                    1.0
                ]
            ],
            "COLMAP_transform_matrix": {
                "x_pos": 0.556321918964386,
                "y_pos": 0.21793480217456818,
                "z_pos": 4.282537460327148,
                "w_rotation": 0.3798756003379822,
                "x_rotation": 0.6968920826911926,
                "y_rotation": -0.5341086387634277,
                "z_rotation": 0.29114240407943726
            },
            "light_transform_matrix": [
                [
                    -0.5877861976623535,
                    0.4487614929676056,
                    -0.6731422543525696,
                    -3.0070488452911377
                ],
                [
                    -0.8090163469314575,
                    -0.32604512572288513,
                    0.4890677034854889,
                    2.183358669281006
                ],
                [
                    0.0,
                    0.8320503234863281,
                    0.5547001957893372,
                    2.549999952316284
                ],
                [
                    0.0,
                    0.0,
                    0.0,
                    1.0
                ]
            ],
            "light_COLMAP_transform_matrix": {
                "x_pos": -0.0011288600508123636,
                "y_pos": 0.060407400131225586,
                "z_pos": 4.506466865539551,
                "w_rotation": 0.21421879529953003,
                "x_rotation": 0.400271475315094,
                "y_rotation": -0.7855780124664307,
                "z_rotation": 0.42042866349220276
            }
        },
        {
            "file_path": "C:\\Users\\maria\\OneDrive\\Documentos\\Guillem\\Blender\\drums\\relighting/r_15",
            "rotation": 0.6283185307179586,
            "transform_matrix": [
                [
                    0.2599281370639801,
                    0.5232363343238831,
                    -0.8115795850753784,
                    -3.5061912536621094
                ],
                [
                    -0.9656281471252441,
                    0.1408449411392212,
                    -0.218461275100708,
                    -0.36767327785491943
                ],
                [
                    7.450581485102248e-09,
                    0.840468168258667,
                    0.5418612360954285,
                    2.5037081241607666
                ],
                [
                    0.0,
                    0.0,
                    0.0,
                    1.0
                ]
            ],
            "COLMAP_transform_matrix": {
                "x_pos": 0.556321918964386,
                "y_pos": 0.21793480217456818,
                "z_pos": 4.282537460327148,
                "w_rotation": 0.3798756003379822,
                "x_rotation": 0.6968920826911926,
                "y_rotation": -0.5341086387634277,
                "z_rotation": 0.29114240407943726
            },
            "light_transform_matrix": [
                [
                    -9.338060635855072e-07,
                    0.5547001361846924,
                    -0.8320503234863281,
                    -3.5799999237060547
                ],
                [
                    -1.0,
                    -5.179823574508191e-07,
                    7.769736498630664e-07,
                    0.4200027883052826
                ],
                [
                    0.0,
                    0.8320503234863281,
                    0.5547001957893372,
                    2.549999952316284
                ],
                [
                    0.0,
                    0.0,
                    0.0,
                    1.0
                ]
            ],
            "light_COLMAP_transform_matrix": {
                "x_pos": 0.41999897360801697,
