{
  "camera_angle_x": 0.6887187554419262,
  "camera_angle_y": 0.6887187554419262,
  "fl_x": 1115.2954821577114,
  "fl_y": 1115.2954821577114,
  "k1": 0,
  "k2": 0,
  "p1": 0,
  "p2": 0,
  "cx": 400.0,
  "cy": 400.0,
  "w": 800.0,
  "h": 800.0,
  "aabb_scale": 16,
  "frames": [
    {
      "file_path": "./lego/images/r_99.png",
      "sharpness": 246.56952693080268,
      "transform_matrix": [
        [
          0.07808467177739252,
          0.8638474001978191,
          -0.4976650010471406,
          -2.6640851947625
        ],
        [
          -0.9944166067775466,
          0.10302990673164028,
          0.02281338388842736,
          -0.49696243992573147
        ],
        [
          0.07098166100322134,
          0.4931049660601829,
          0.867069256928717,
          1.3280690799449677
        ],
        [
          0.0,
          0.0,
          0.0,
          1.0
        ]
      ]
    },
    {
      "file_path": "./lego/images/r_98.png",
      "sharpness": 109.88628808955797,
      "transform_matrix": [
        [
          -0.8956138691065162,
          0.25829289095606023,
          -0.3621609863140734,
          -2.1682074940246867
        ],
        [
          -0.42618573999303705,
          -0.2649907364599693,
          0.8649541170591266,
          2.870244615318287
        ],
        [
          0.12744219295911344,
          0.9290127513278061,
          0.34741012562534757,
          -0.6762794517219356
        ],
        [
          0.0,
          0.0,
          0.0,
          1.0
        ]
      ]
    },
    {
      "file_path": "./lego/images/r_97.png",
      "sharpness": 162.47103722680131,
      "transform_matrix": [
        [
          -0.43365413288144555,
          -0.3510788760830859,
          0.8298721081380218,
          2.5160086767821093
        ],
        [
          0.9005668236781372,
          -0.13780439990166615,
          0.41229763940453845,
          1.019191731059184
        ],
        [
          -0.030388963996764034,
          0.92614986378998,
          0.37592943584123995,
          -0.5985072032611689
        ],
        [
          0.0,
          0.0,
          0.0,
          1.0
        ]
      ]
    },
    {
      "file_path": "./lego/images/r_96.png",
      "sharpness": 157.34784390922084,
      "transform_matrix": [
        [
          0.005363429024064314,
          -0.4015381977249389,
          0.915826571715015,
          2.8627593863333316
        ],
        [
          0.9965925750711695,
          0.07752762190530593,
          0.02815505558981765,
          -0.47735925726522094
        ],
        [
          -0.08230718646113507,
          0.9125549537817433,
          0.40058580035762664,
          -0.4974905200093737
        ],
        [
          0.0,
          0.0,
          0.0,
          1.0
        ]
      ]
    },
    {
      "file_path": "./lego/images/r_95.png",
      "sharpness": 127.29946851587012,
      "transform_matrix": [
        [
          0.06318362666586677,
          0.22079370541123,
          -0.9732717858000882,
          -4.520032236510569
        ],
        [
          -0.9954699697299823,
          0.0833660965020881,
          -0.045712507263709186,
          -0.7644824087823324
        ],
        [
          0.07104483575537764,
          0.9717511171423707,
          0.22506087556026644,
          -1.182142087592222
        ],
        [
          0.0,
          0.0,
          0.0,
          1.0
        ]
      ]
    },
    {
      "file_path": "./lego/images/r_94.png",
      "sharpness": 160.0043142077397,
      "transform_matrix": [
        [
          -0.037812070320015455,
          -0.46040472974026414,
          0.886903451472185,
          2.7415020894950617
        ],
        [
          0.9962495504263356,
          0.05175568818838084,
          0.06934105577515733,
          -0.31704779266484406
        ],
        [
          -0.07782724853165902,
          0.8861990936777642,
          0.4567210152966567,
          -0.2821955701923397
        ],
        [
          0.0,
          0.0,
          0.0,
          1.0
        ]
      ]
    },
    {
      "file_path": "./lego/images/r_93.png",
      "sharpness": 201.4723446993489,
      "transform_matrix": [
        [
          -0.8555742818016838,
          -0.3809217551504797,
          0.35055850415440853,
          0.6521765621238111
        ],
        [
          0.5158917911101689,
          -0.6836152741728944,
          0.5162613841681385,
          1.4315882525672305
        ],
        [
          0.04299195535741184,
          0.6225502175787178,
          0.7813980537665455,
          0.9923109409784886
        ],
        [
          0.0,
          0.0,
          0.0,
          1.0
        ]
      ]
    },
    {
      "file_path": "./lego/images/r_92.png",
      "sharpness": 177.04951109089782,
      "transform_matrix": [
        [
          -0.994557650144391,
          0.048298077472701186,
          0.0923167174138741,
          -0.35763578997244017
        ],
        [
          0.031950203689279796,
          -0.701986170245242,
          0.7114735422130418,
          2.1993357059747276
        ],
        [
          0.09916786316856038,
          0.7105509922086086,
          0.6966225824999154,
          0.6662672550420846
        ],
        [
          0.0,
          0.0,
          0.0,
          1.0
        ]
      ]
    },
    {
      "file_path": "./lego/images/r_91.png",
      "sharpness": 149.35563068012675,
      "transform_matrix": [
        [
          -0.7490052695332264,
          0.6561221160751441,
          -0.09216764655181137,
          -1.0806847778472601
        ],
        [
          -0.6499779026937673,
          -0.700647858677337,
          0.2943149743747607,
          0.564677609244427
        ],
        [
          0.1285294995835137,
          0.280350400311199,
          0.9512538151540155,
          1.6586898621856585
        ],
        [
          0.0,
          0.0,
          0.0,
          1.0
        ]
      ]
    },
    {
      "file_path": "./lego/images/r_90.png",
      "sharpness": 139.6776945333899,
      "transform_matrix": [
        [
          -0.5784420531426382,
          -0.3310671275582851,
          0.7455195156860759,
          2.1991955652226687
        ],
        [
          0.8156832019670234,
          -0.22567137499187592,
          0.5326662599964843,
          1.4963277145206761
        ],
        [
          -0.00810587445609655,
          0.9162243107558996,
          0.40058370815858985,
          -0.4959137668226737
        ],
        [
          0.0,
          0.0,
          0.0,
          1.0
        ]
      ]
    },
    {
      "file_path": "./lego/images/r_9.png",
      "sharpness": 151.69654579883345,
      "transform_matrix": [
        [
          -0.2938307434587087,
          -0.34141585868623364,
          0.8928038450289124,
          2.773212517352236
        ],
        [
          0.9546151754191953,
          -0.05720998747816188,
          0.2922958846659835,
          0.5557167836879279
        ],
        [
          -0.04871715365913019,
          0.9381696162385339,
          0.3427308129846258,
          -0.7232660775406317
        ],
        [
          0.0,
          0.0,
          0.0,
          1.0
        ]
      ]
    },
    {
      "file_path": "./lego/images/r_89.png",
      "sharpness": 294.52655,
      "transform_matrix": [
        [
          -0.899000663646802,
          0.18908954187897611,
          -0.3950227233678772,
          -2.238770457693713
        ],
        [
          -0.4192856383123221,
          -0.11111861690574401,
          0.9010284160238927,
          2.879250236089668
        ],
        [
          0.1264806717389187,
          0.9756524986852787,
          0.17917823960668988,
          -1.3731761980790451
        ],
        [
          0.0,
          0.0,
          0.0,
          1.0
        ]
      ]
    },
    {
      "file_path": "./lego/images/r_88.png",
      "sharpness": 309.67054375,
      "transform_matrix": [
        [
          0.8203079865878801,
          -0.5612877594625028,
          0.10977640128947508,
          -0.2905792307055016
        ],
        [
          0.5573989295060084,
          0.8275928032210103,
          0.0663067526190831,
          -0.32758209871286514
        ],
        [
          -0.1280673282854707,
          0.006797289825634752,
          0.9917421823940713,
          1.813796388741387
        ],
        [
          0.0,
          0.0,
          0.0,
          1.0
        ]
      ]
    },
    {
      "file_path": "./lego/images/r_87.png",
      "sharpness": 209.90277446575053,
      "transform_matrix": [
        [
          -0.8356804874718776,
          -0.3887585019303521,
          0.3879496746976328,
          0.8056072896301331
        ],
        [
          0.5477744051843673,
          -0.6411223734274124,
          0.5374991193632379,
          1.5252606402119506
        ],
        [
          0.03976586378000321,
          0.6616864283841404,
          0.7487254147102114,
          0.8793802486285998
        ],
        [
          0.0,
          0.0,
          0.0,
          1.0
        ]
      ]
    },
    {
      "file_path": "./lego/images/r_86.png",
      "sharpness": 574.440153125,
      "transform_matrix": [
        [
          -0.3742518506181104,
          0.8572871673880925,
          -0.3535452799896858,
          -2.1058085646515483
        ],
        [
          -0.9206641339273381,
          -0.2978782938468997,
          0.2522817364678343,
          0.4030648744788511
        ],
        [
          0.11096443043930686,
          0.4199133657560403,
          0.9007550502215471,
          1.469346033421676
        ],
        [
          0.0,
          0.0,
          0.0,
          1.0
        ]
      ]
    },
    {
      "file_path": "./lego/images/r_85.png",
      "sharpness": 108.3890002722705,
      "transform_matrix": [
        [
          -0.38204956633952625,
          -0.052903344147209305,
          0.9226263409962818,
          2.926799835104589
        ],
        [
          0.923353908714452,
          0.01936547594098327,
          0.3834612595867604,
          0.927053406007138
        ],
        [
          -0.03815348119212167,
          0.9984118461749599,
          0.04144993791718032,
          -1.898956461578571
        ],
        [
          0.0,
          0.0,
          0.0,
          1.0
        ]
      ]
    },
    {
      "file_path": "./lego/images/r_84.png",
      "sharpness": 150.70397645888957,
      "transform_matrix": [
        [
          -0.6948056772493871,
          0.5988357802744878,
          -0.39829735021392115,
          -2.2590068432660386
        ],
        [
          -0.7080220871213592,
          -0.47228670165905307,
          0.5250238047792394,
          1.443233378064794
        ],
        [
          0.1262924979855827,
          0.6467928414450573,
          0.7521364405949883,
          0.8455060286798096
        ],
        [
          0.0,
          0.0,
          0.0,
          1.0
        ]
      ]
    },
    {
      "file_path": "./lego/images/r_83.png",
      "sharpness": 130.25824003703562,
      "transform_matrix": [
        [
          -0.4663339805632834,
          -0.3335102585027275,
          0.8193311455741279,
          2.476489326792546
        ],
        [
          0.8842422685888954,
          -0.14908419199409534,
          0.44259407377276727,
          1.1379242264121316
        ],
        [
          -0.025460342142215504,
          0.9308838870841794,
          0.3644268922677879,
          -0.6427398455439389
        ],
        [
          0.0,
          0.0,
          0.0,
          1.0
        ]
      ]
    },
    {
      "file_path": "./lego/images/r_82.png",
      "sharpness": 349.497953125,
      "transform_matrix": [
        [
          0.6439886105176742,
          -0.6877982361572625,
          0.33498097845226893,
          0.5966651529562114
        ],
        [
          0.7543059662274871,
          0.6439274265595899,
          -0.1279842905926482,
          -1.0904914606687615
        ],
        [
          -0.12767607007572102,
          0.33509857608611765,
          0.9334922417984971,
          1.6038439523441723
        ],
        [
          0.0,
          0.0,
          0.0,
          1.0
        ]
      ]
    },
    {
      "file_path": "./lego/images/r_81.png",
      "sharpness": 108.47066323150993,
      "transform_matrix": [
        [
          0.5368895576935817,
          -0.16733913967155362,
          0.82689008655077,
          2.4999327762362022
        ],
        [
          0.8345237553775627,
          0.249135806062998,
          -0.49142797218759554,
          -2.5014668761931484
        ],
        [
          -0.12377279416191998,
          0.9539019669388784,
          0.2734068999831524,
          -1.000146021898181
        ],
        [
          0.0,
          0.0,
          0.0,
          1.0
        ]
      ]
    },
    {
      "file_path": "./lego/images/r_80.png",
      "sharpness": 482.08670625,
      "transform_matrix": [
        [
          0.13122123196465885,
          0.7885315766936395,
          -0.600831874072178,
          -3.0449349734659985
        ],
        [
          -0.9891857930195803,
          0.14420071058668965,
          -0.02678846682921365,
          -0.6897241328040453
        ],
        [
          0.06551683119829538,
          0.5978495694453018,
          0.7989264279060426,
          1.031961567075718
        ],
        [
          0.0,
          0.0,
          0.0,
          1.0
        ]
      ]
    },
    {
      "file_path": "./lego/images/r_8.png",
      "sharpness": 145.95158226281526,
      "transform_matrix": [
        [
          -0.6398351783313039,
          -0.15867173808426407,
          0.751953605061797,
          2.2013378436794864
        ],
        [
          0.7685113278732558,
          -0.133546571852616,
          0.6257440787394166,
          1.8407027760690122
        ],
        [
          0.001132925578699211,
          0.9782579377351155,
          0.207388822747948,
          -1.2579628815571922
        ],
        [
          0.0,
          0.0,
          0.0,
          1.0
        ]
      ]
    },
    {
      "file_path": "./lego/images/r_79.png",
      "sharpness": 358.109015625,
      "transform_matrix": [
        [
          0.8737763299802191,
          -0.36748610717446584,
          0.31854181242408613,
          0.5320810124964572
        ],
        [
          0.469548843080089,
          0.8080419760004204,
          -0.35579776416389713,
          -1.9848915995067504
        ],
        [
          -0.1266444202559447,
          0.46045860408266204,
          0.8786006287313879,
          1.3863380710375672
        ],
        [
          0.0,
          0.0,
          0.0,
          1.0
        ]
      ]
    },
    {
      "file_path": "./lego/images/r_78.png",
      "sharpness": 130.12807960087343,
      "transform_matrix": [
        [
          0.194041920708614,
          -0.13935800197123266,
          0.9710443246096769,
          3.057521628576162
        ],
        [
          0.9757740022266209,
          0.12939035931129575,
          -0.17641777545496465,
          -1.2745893098304604
        ],
        [
          -0.10105854536882712,
          0.9817522509602526,
          0.1610890691677166,
          -1.4371787124491002
        ],
        [
          0.0,
          0.0,
          0.0,
          1.0
        ]
      ]
    },
    {
      "file_path": "./lego/images/r_77.png",
      "sharpness": 210.7679040400498,
      "transform_matrix": [
        [
          0.7433531960174076,
          0.6399529782993574,
          -0.19464380698818295,
          -1.4824104474752495
        ],
        [
          -0.6686091193868229,
          0.7023091026483597,
          -0.2443844712958959,
          -1.5458575264307237
        ],
        [
          -0.019694452833990995,
          0.31180460217929673,
          0.9499421133154838,
          1.664284548020052
        ],
        [
          0.0,
          0.0,
          0.0,
          1.0
        ]
      ]
    },
    {
      "file_path": "./lego/images/r_76.png",
      "sharpness": 100.80106527156633,
      "transform_matrix": [
        [
          -0.8876519534125561,
          0.26858281724870375,
          -0.3740819160878915,
          -2.1043896699166753
        ],
        [
          -0.4423511080360315,
          -0.27139078102612263,
          0.8547938588887196,
          2.5786589289128785
        ],
        [
          0.12806055941238198,
          0.9242349886853495,
          0.35970846372540016,
          -0.7270293915859934
        ],
        [
          0.0,
          0.0,
          0.0,
          1.0
        ]
      ]
    },
    {
      "file_path": "./lego/images/r_75.png",
      "sharpness": 70.64943445252418,
      "transform_matrix": [
        [
          0.7362311360535049,
          -0.015333487442402543,
          0.6765564267158984,
          1.909449557968589
        ],
        [
          0.6642093910407659,
          0.20779558988521288,
          -0.7180855643153212,
          -3.3779514626163363
        ],
        [
          -0.12957468579706233,
          0.9780520829931746,
          0.1631702295647478,
          -1.431373082200011
        ],
        [
          0.0,
          0.0,
          0.0,
          1.0
        ]
      ]
    },
    {
      "file_path": "./lego/images/r_74.png",
      "sharpness": 132.38193862478286,
      "transform_matrix": [
        [
          -0.9735819144802923,
          0.004018902538411121,
          0.2283026593836356,
          0.4263985826269711
        ],
        [
          0.21665085557350253,
          -0.2995207850141238,
          0.929166134835065,
          2.1159872744863915
        ],
        [
          0.07211561989729305,
          0.9540813109081472,
          0.29073732062727775,
          -1.0252498097475835
        ],
        [
          0.0,
          0.0,
          0.0,
          1.0
        ]
      ]
    },
    {
      "file_path": "./lego/images/r_73.png",
      "sharpness": 220.42787669230913,
      "transform_matrix": [
        [
          -0.16751244693731296,
          0.6117894761691677,
          -0.7730803431934448,
          -3.7214307963793813
        ],
        [
          -0.9813507147764485,
          -0.02847749677980757,
          0.19010472583671226,
          0.15247556466454773
        ],
        [
          0.09428867765310166,
          0.7905078551717641,
          0.6051503748995571,
          0.2898796908008193
        ],
        [
          0.0,
          0.0,
          0.0,
          1.0
        ]
      ]
    },
    {
      "file_path": "./lego/images/r_72.png",
      "sharpness": 175.4384606816663,
      "transform_matrix": [
        [
          0.19805814038733566,
          0.43067424114444713,
          -0.8805070534091876,
          -4.148747399118406
        ],
        [
          -0.9784775982258003,
          0.139950267767937,
          -0.15164271272465876,
          -1.1775921436605317
        ],
        [
          0.05791858766839518,
          0.8915905005262359,
          0.44912338687356546,
          -0.3116435097674241
        ],
        [
          0.0,
          0.0,
          0.0,
          1.0
        ]
      ]
    },
    {
      "file_path": "./lego/images/r_71.png",
      "sharpness": 149.03812202929478,
      "transform_matrix": [
        [
          -0.9705412510450846,
          0.22288208018722697,
          -0.09150551029103057,
          -1.076221256805954
        ],
        [
          -0.21078751902471096,
          -0.6015244829598362,
          0.770543261747094,
          2.4164867928153613
        ],
        [
          0.11669748028665508,
          0.7671322407317215,
          0.6307850849438195,
          0.3974095907539044
        ],
        [
          0.0,
          0.0,
          0.0,
          1.0
        ]
      ]
    },
    {
      "file_path": "./lego/images/r_70.png",
      "sharpness": 368.20339375,
      "transform_matrix": [
        [
          -0.6874107436091341,
          0.3122637380286553,
          -0.6557116954466148,
          -3.29602144819444
        ],
        [
          -0.7156710344536544,
          -0.13756970602454016,
          0.6847550996005066,
          2.1076666723882758
        ],
        [
          0.12361812185599473,
          0.9399818795901693,
          0.318045006333752,
          -0.8110672630669863
        ],
        [
          0.0,
          0.0,
          0.0,
          1.0
        ]
      ]
    },
    {
      "file_path": "./lego/images/r_7.png",
      "sharpness": 372.644140625,
      "transform_matrix": [
        [
          -0.9904134012775249,
          0.10235714340929314,
          0.09275941906533985,
          -0.35707503216691033
        ],
        [
          -0.08710298702041122,
          -0.983950233906991,
          0.15574019021126811,
          0.0225430483591155
        ],
        [
          0.10721177307046315,
          0.1461675490278817,
          0.9834331107854652,
          1.7845923125519596
        ],
        [
          0.0,
          0.0,
          0.0,
          1.0
        ]
      ]
    },
    {
      "file_path": "./lego/images/r_69.png",
      "sharpness": 159.03463286919856,
      "transform_matrix": [
        [
          -0.6924854526347005,
          -0.01325154709501859,
          0.7213101236300987,
          2.1078231327722325
        ],
        [
          0.7213492563822639,
          -0.027846172869218783,
          0.692011445695687,
          2.122872161571563
        ],
        [
          0.010915504131993136,
          0.9995243805025417,
          0.02884206326639133,
          -1.9502765104624609
        ],
        [
          0.0,
          0.0,
          0.0,
          1.0
        ]
      ]
    },
    {
      "file_path": "./lego/images/r_68.png",
      "sharpness": 218.65007068255815,
      "transform_matrix": [
        [
          -0.014891592493408372,
          0.6017105717603554,
          -0.7985753742554313,
          -3.824151861213077
        ],
        [
          -0.9966505482685316,
          0.05529607181663706,
          0.06024972264024839,
          -0.351790612398153
        ],
        [
          0.08041097630409282,
          0.7967977989028229,
          0.5988717246759504,
          0.26819079411844643
        ],
        [
          0.0,
          0.0,
          0.0,
          1.0
        ]
      ]
    },
    {
      "file_path": "./lego/images/r_67.png",
      "sharpness": 125.51135876020672,
      "transform_matrix": [
        [
          0.852224766148555,
          -0.16607313451161834,
          0.4961175889029657,
          1.2287504706742531
        ],
        [
          0.5073133088040336,
          0.49405974775718586,
          -0.7060723563183531,
          -3.3593846436363055
        ],
        [
          -0.1278520814255095,
          0.8534194043296106,
          0.5053010643683282,
          -0.08028142205677331
        ],
        [
          0.0,
          0.0,
          0.0,
          1.0
        ]
      ]
    },
    {
      "file_path": "./lego/images/r_66.png",
      "sharpness": 149.34401418544144,
      "transform_matrix": [
        [
          0.25087436423807685,
          -0.7142510619516848,
          0.6533815684050148,
          1.8347023890628826
        ],
        [
          0.9623497615159818,
          0.25696965209512246,
          -0.0885975982337357,
          -0.9339158261271493
        ],
        [
          -0.1046183056935876,
          0.6510084626634133,
          0.7518264372295843,
          0.8740025164363806
        ],
        [
          0.0,
          0.0,
          0.0,
          1.0
        ]
      ]
    },
    {
      "file_path": "./lego/images/r_65.png",
      "sharpness": 117.8783999896406,
      "transform_matrix": [
        [
          -0.7394063104320502,
          0.22807795552854268,
          -0.6334498830669625,
          -3.2670280960430853
        ],
        [
          -0.6616744911651833,
          -0.07238612955101106,
          0.7462888957973729,
          2.4183646718551954
        ],
        [
          0.1243590602873605,
          0.9709483480149217,
          0.20443612614811335,
          -1.2403487048612318
        ],
        [
          0.0,
          0.0,
          0.0,
          1.0
        ]
      ]
    },
    {
      "file_path": "./lego/images/r_64.png",
      "sharpness": 73.7200702035627,
      "transform_matrix": [
        [
          0.7308453442453164,
          -0.01682893385183042,
          0.6823355991319239,
          1.9471531790046017
        ],
        [
          0.6702498570234786,
          0.20657567233493018,
          -0.7128054578634483,
          -3.372502564748092
        ],
        [
          -0.12895817924912686,
          0.9782858879923538,
          0.1622544588683766,
          -1.4313618507363604
        ],
        [
          0.0,
          0.0,
          0.0,
          1.0
        ]
      ]
    },
    {
      "file_path": "./lego/images/r_63.png",
      "sharpness": 168.74381118483294,
      "transform_matrix": [
        [
          -0.3719182798436062,
          0.39454852551821556,
          -0.8402429733070906,
          -4.008092574460556
        ],
        [
          -0.9219259538372262,
          -0.05139191696747101,
          0.38394193117224296,
          0.9182030750134264
        ],
        [
          0.10830202571192583,
          0.9174368272225796,
          0.3828581190798598,
          -0.5625629985155383
        ],
        [
          0.0,
          0.0,
          0.0,
          1.0
        ]
      ]
    },
    {
      "file_path": "./lego/images/r_62.png",
      "sharpness": 149.15437904867954,
      "transform_matrix": [
        [
          -0.2670993420679607,
          -0.8834542002727831,
          0.3849241711683036,
          0.7934947735871327
        ],
        [
          0.9622687303807494,
          -0.2229853083782493,
          0.15593730400202424,
          0.025363071249898613
        ],
        [
          -0.051931031189596,
          0.412051244785778,
          0.9096795808046827,
          1.5112110842929798
        ],
        [
          0.0,
          0.0,
          0.0,
          1.0
        ]
      ]
    },
    {
      "file_path": "./lego/images/r_34.png",
      "sharpness": 434.47846875,
      "transform_matrix": [
        [
          0.31425557116894176,
          -0.4070393750320666,
          0.8576493358157239,
          2.628684586582197
        ],
        [
          0.9429599458312882,
          0.23838449142690282,
          -0.23237765556424197,
          -1.4952106902100737
        ],
        [
          -0.10986344504876645,
          0.8817549441192756,
          0.45873548154261784,
          -0.27335634505962075
        ],
        [
          0.0,
          0.0,
          0.0,
          1.0
        ]
      ]
    },
    {
      "file_path": "./lego/images/r_33.png",
      "sharpness": 556.460128125,
      "transform_matrix": [
        [
          -0.2972538899148895,
          0.8092083708379822,
          -0.5067760230699261,
          -2.6939651797779924
        ],
        [
          -0.949026858447504,
          -0.1921336734147344,
          0.24986531068950446,
          0.38809592113808766
        ],
        [
          0.10482436208104508,
          0.5552174926678201,
          0.8250729598119605,
          1.154811310372006
        ],
        [
          0.0,
          0.0,
          0.0,
          1.0
        ]
      ]
    },
    {
      "file_path": "./lego/images/r_32.png",
      "sharpness": 126.9560994777357,
      "transform_matrix": [
        [
          -0.5086909045642641,
          -0.0819765153420619,
          0.8570375806277862,
          2.653688352139502
        ],
        [
          0.8607270770708849,
          -0.025811226351463105,
          0.5084119190103501,
          1.4124286263813923
        ],
        [
          -0.019556646493544844,
          0.9962999706862857,
          0.08368934251946818,
          -1.7339046038414567
        ],
        [
          0.0,
          0.0,
          0.0,
          1.0
        ]
      ]
    },
    {
      "file_path": "./lego/images/r_31.png",
      "sharpness": 151.06469667762082,
      "transform_matrix": [
        [
          -0.36925197790739583,
          -0.8404164697738319,
          0.3966776199973118,
          0.8359300111823438
        ],
        [
          0.9285520546377904,
          -0.3161909702747205,
          0.1944591271841224,
          0.17517882232581913
        ],
        [
          -0.0380007716301638,
          0.4401402364122157,
          0.8971245809303292,
          1.4540179172612029
        ],
        [
          0.0,
          0.0,
          0.0,
          1.0
        ]
      ]
    },
    {
      "file_path": "./lego/images/r_30.png",
      "sharpness": 452.4355875,
      "transform_matrix": [
        [
          0.7315016364361697,
          0.6472990605424028,
          -0.21426451450133654,
          -1.5636446987871728
        ],
        [
          -0.6816288839934682,
          0.686417059343226,
          -0.25340419323475827,
          -1.5862865106419326
        ],
        [
          -0.01695347825275315,
          0.33141446392996177,
          0.943332938434812,
          1.656433173661497
        ],
        [
          0.0,
          0.0,
          0.0,
          1.0
        ]
      ]
    },
    {
      "file_path": "./lego/images/r_3.png",
      "sharpness": 150.63266735830254,
      "transform_matrix": [
        [
          -0.9883885228762225,
          -0.04597578573238152,
          0.14482525689676842,
          -0.15094134739728357
        ],
        [
          0.12188152791052538,
          -0.8090477074202819,
          0.5749666949247789,
          1.6695213478352542
        ],
        [
          0.0907359964997664,
          0.5859420058903385,
          0.8052570674854762,
          1.0982400181971639
        ],
        [
          0.0,
          0.0,
          0.0,
          1.0
        ]
      ]
    },
    {
      "file_path": "./lego/images/r_29.png",
      "sharpness": 121.4476293113576,
      "transform_matrix": [
        [
          -0.9924602509234541,
          0.12169198934017751,
          -0.01461882791982877,
          -0.7753989758070767
        ],
        [
          -0.06083601854735796,
          -0.38554769010847645,
          0.9206801602618934,
          3.0133528339236135
        ],
        [
          0.10640314491172002,
          0.9146278141602364,
          0.39004401338858086,
          -0.5374279709679552
        ],
        [
          0.0,
          0.0,
          0.0,
          1.0
        ]
      ]
    },
    {
      "file_path": "./lego/images/r_28.png",
      "sharpness": 169.43597871617797,
      "transform_matrix": [
        [
          -0.35877422557232713,
          0.5776278887979884,
          -0.7332305757468934,
          -3.5668493642378465
        ],
        [
          -0.9271753993210899,
          -0.12978973326602597,
          0.35142624266416544,
          0.7795255725967026
        ],
        [
          0.10782779776962763,
          0.8059160299201876,
          0.5821275794950308,
          0.199958190140772
        ],
        [
          0.0,
          0.0,
          0.0,
          1.0
        ]
      ]
    },
    {
      "file_path": "./lego/images/r_27.png",
      "sharpness": 403.364115625,
      "transform_matrix": [
        [
          0.7762013472910344,
          -0.3350404779663815,
          0.5340967577602466,
          1.390380682806081
        ],
        [
          0.6171232279227828,
          0.5772101794502028,
          -0.5347778326536841,
          -2.699541132433637
        ],
        [
          -0.12911386473244746,
          0.7446987893792649,
          0.6547925802067525,
          0.5219410814191212
        ],
        [
          0.0,
          0.0,
          0.0,
          1.0
        ]
      ]
    },
    {
      "file_path": "./lego/images/r_26.png",
      "sharpness": 87.53191094704289,
      "transform_matrix": [
        [
          0.946675004865605,
          0.039798969587553086,
          0.31972250037312255,
          0.5075413999547587
        ],
        [
          0.3010224191705492,
          0.24449901929039383,
          -0.9217405994764949,
          -4.111052222448137
        ],
        [
          -0.11485616387247918,
          0.9688324270198108,
          0.21948072817062886,
          -1.2252945113187776
        ],
        [
          0.0,
          0.0,
          0.0,
          1.0
        ]
      ]
    },
    {
      "file_path": "./lego/images/r_25.png",
      "sharpness": 200.6370262114593,
      "transform_matrix": [
        [
          -0.685948993088903,
          -0.2305299695818533,
          0.6901665828387199,
          1.9399625988479157
        ],
        [
          0.726958769679129,
          -0.17579074571397033,
          0.6637985845936066,
          1.060519449951025
        ],
        [
          -0.03170056925076014,
          0.957054620649908,
          0.28816926807823634,
          -1.086500007392937
        ],
        [
          0.0,
          0.0,
          0.0,
          1.0
        ]
      ]
    },
    {
      "file_path": "./lego/images/r_24.png",
      "sharpness": 458.3727375,
      "transform_matrix": [
        [
          -0.9837471541239231,
          -0.0006575255673710133,
          0.17955808106452892,
          -0.017544381679255698
        ],
        [
          0.15657681647915483,
          -0.49263276851131077,
          0.856035429132858,
          2.7543414777614865
        ],
        [
          0.08789332940216711,
          0.8702370499448906,
          0.48472903731128403,
          -0.17027709131090113
        ],
        [
          0.0,
          0.0,
          0.0,
          1.0
        ]
      ]
    },
    {
      "file_path": "./lego/images/r_23.png",
      "sharpness": 432.463753125,
      "transform_matrix": [
        [
          -0.04825376950816423,
          -0.5124794023619139,
          0.8573426595856491,
          2.6236821199339957
        ],
        [
          0.9958976281589668,
          0.04109533144741541,
          0.080616921059504,
          -0.2734034459665356
        ],
        [
          -0.07654729228451311,
          0.8577155915281112,
          0.5083940166410295,
          -0.08213972198774439
        ],
        [
          0.0,
          0.0,
          0.0,
          1.0
        ]
      ]
    },
    {
      "file_path": "./lego/images/r_22.png",
      "sharpness": 178.9649939384803,
      "transform_matrix": [
        [
          -0.8628467004231601,
          -0.22301172088511104,
          0.4536092415053861,
          1.1862293185092083
        ],
        [
          0.5049892902970531,
          -0.41928307777941765,
          0.7544451718803954,
          1.4401458409055865
        ],
        [
          0.021940562793055347,
          0.8800383361471731,
          0.47439555086293456,
          -0.41177351455820294
        ],
        [
          0.0,
          0.0,
          0.0,
          1.0
        ]
      ]
    },
    {
      "file_path": "./lego/images/r_21.png",
      "sharpness": 164.07307114905058,
      "transform_matrix": [
        [
          -0.9902742014140248,
          0.13169802176133646,
          0.044862424592653,
          -0.5431775921495178
        ],
        [
          -0.08770991711903356,
          -0.8412465555262956,
          0.5334896468111237,
          1.5093777431873385
        ],
        [
          0.10799989127630652,
          0.5243661544157553,
          0.8446159835395292,
          1.2563964135534145
        ],
        [
          0.0,
          0.0,
          0.0,
          1.0
        ]
      ]
    },
    {
      "file_path": "./lego/images/r_20.png",
      "sharpness": 186.9944465519493,
      "transform_matrix": [
        [
          -0.44790189883973613,
          0.5083012482976259,
          -0.7355363553606302,
          -3.569621385900899
        ],
        [
          -0.8868724259949385,
          -0.14831825002357046,
          0.4375602778136284,
          1.1112879603508887
        ],
        [
          0.1133189703623196,
          0.8483109911757243,
          0.5172303870321152,
          -0.056504995467914654
        ],
        [
          0.0,
          0.0,
          0.0,
          1.0
        ]
      ]
    },
    {
      "file_path": "./lego/images/r_0.png",
      "sharpness": 58.28099533197022,
      "transform_matrix": [
        [
          0.8479061187030139,
          -0.060666877496296796,
          0.5266637863981207,
          1.3299537333956466
        ],
        [
          0.5146078810590518,
          0.3329412689929975,
          -0.7901448222660119,
          -3.6615612925215535
        ],
        [
          -0.1274124902393021,
          0.940993964609731,
          0.3135225924267469,
          -0.8451935720055824
        ],
        [
          0.0,
          0.0,
          0.0,
          1.0
        ]
      ]
    },
    {
      "file_path": "./lego/images/r_1.png",
      "sharpness": 129.65018874260733,
      "transform_matrix": [
        [
          0.6093628054559735,
          -0.1561911969925984,
          0.7773553121779065,
          2.3065133112361136
        ],
        [
          0.7826744370582623,
          0.2753734783483291,
          -0.5582026271869532,
          -2.7607536033607167
        ],
        [
          -0.1268766997222379,
          0.9485640502686293,
          0.2900492124941458,
          -0.9359018860815612
        ],
        [
          0.0,
          0.0,
          0.0,
          1.0
        ]
      ]
    },
    {
      "file_path": "./lego/images/r_10.png",
      "sharpness": 157.14933986728937,
      "transform_matrix": [
        [
          -0.8798461669465721,
          -0.0021549597267753267,
          0.4752536993231786,
          1.1300146187901594
        ],
        [
          0.47248954210022814,
          -0.11175583465463347,
          0.8742220919349414,
          2.8111679048209774
        ],
        [
          0.05122846044018694,
          0.9937333594236203,
          0.09934613868934264,
          -1.676106112419212
        ],
        [
          0.0,
          0.0,
          0.0,
          1.0
        ]
      ]
    },
    {
      "file_path": "./lego/images/r_11.png",
      "sharpness": 113.12499823778471,
      "transform_matrix": [
        [
          0.9458073529924728,
          -0.1871038957725705,
          0.2654064491953141,
          0.3255536986313982
        ],
        [
          0.3016892266589934,
          0.8086644591887512,
          -0.505020200549844,
          -2.5743382671266333
        ],
        [
          -0.1201335157370147,
          0.5577220854978197,
          0.8212880212249142,
          1.1673599993141217
        ],
        [
          0.0,
          0.0,
          0.0,
          1.0
        ]
      ]
    },
    {
      "file_path": "./lego/images/r_12.png",
      "sharpness": 137.70780120958457,
      "transform_matrix": [
        [
          0.7092044495131828,
          -0.5491466901465225,
          0.44211645700447305,
          1.0221783807382774
        ],
        [
          0.693004897394116,
          0.658221126518524,
          -0.2940903956150188,
          -1.746292202983892
        ],
        [
          -0.12951162502599384,
          0.5149590870518985,
          0.8473746973498262,
          1.2740324775980958
        ],
        [
          0.0,
          0.0,
          0.0,
          1.0
        ]
      ]
    },
    {
      "file_path": "./lego/images/r_13.png",
      "sharpness": 164.47762451726047,
      "transform_matrix": [
        [
          -0.4511852625785753,
          0.25105402254727605,
