{"camera_angle_x": 0.942477822303772, "frames": [{"file_path": "C:\\Users\\maria\\OneDrive\\Documentos\\Guillem\\Blender\\hotdog\\train/r_0", "rotation": 0.06283185307179587, "transform_matrix": [[0.02546977996826172, -0.024361345916986465, 0.016382919624447823, 0.23385275900363922], [0.02935772016644478, 0.02113509364426136, -0.014213275164365768, -0.20288285613059998], [0.0, 0.02168910577893257, 0.03225162625312805, 0.46036553382873535], [0.0, 0.0, 0.0, 1.0]], "COLMAP_transform_matrix": {"x_pos": -1.3401979970240063e-08, "y_pos": 0.0, "z_pos": 0.5547837615013123, "w_rotation": 0.2653852701187134, "x_rotation": 0.8701896667480469, "y_rotation": 0.397083580493927, "z_rotation": -0.12110020965337753}, "light_transform_matrix": [[0.6565023064613342, -0.6265395879745483, 0.4200628399848938, 0.23955732583999634], [0.7543233633041382, 0.5445789098739624, -0.3666471838951111, -0.2078319638967514], [0.0009616675670258701, 0.5575680136680603, 0.8301308751106262, 0.44804733991622925], [0.0, 0.0, 0.0, 0.9999999403953552]], "light_COLMAP_transform_matrix": {"x_pos": -0.0009283177787438035, "y_pos": -0.01345621794462204, "z_pos": 0.5487679839134216, "w_rotation": 0.2654207944869995, "x_rotation": 0.8705188035964966, "y_rotation": 0.39656323194503784, "z_rotation": -0.12035959959030151}}, {"file_path": "C:\\Users\\maria\\OneDrive\\Documentos\\Guillem\\Blender\\hotdog\\train/r_1", "rotation": 0.06283185307179587, "transform_matrix": [[0.03479970619082451, 0.01582362875342369, -0.007012743968516588, -0.10010118782520294], [-0.01730797439813614, 0.03181526064872742, -0.014099940657615662, -0.2012651413679123], [5.791522816878114e-10, 0.01574760116636753, 0.03553304448723793, 0.5072051882743835], [0.0, 0.0, 0.0, 1.0]], "COLMAP_transform_matrix": {"x_pos": -9.816631063586101e-09, "y_pos": -3.725290298461914e-08, "z_pos": 0.5547837615013123, "w_rotation": 0.20158620178699493, "x_rotation": 0.9523908495903015, "y_rotation": -0.2237662822008133, "z_rotation": 0.047363124787807465}, "light_transform_matrix": [[0.8947558999061584, 0.40791964530944824, -0.18169599771499634, -0.10436738282442093], [-0.44655388593673706, 0.8184503316879272, -0.36156439781188965, -0.20984280109405518], [0.0012198956683278084, 0.4046489894390106, 0.9144712686538696, 0.49638864398002625], [0.0, 0.0, 0.0, 0.9999999403953552]], "light_COLMAP_transform_matrix": {"x_pos": -0.0009283231338486075, "y_pos": -0.01345621794462204, "z_pos": 0.5487679839134216, "w_rotation": 0.20114324986934662, "x_rotation": 0.9523231387138367, "y_rotation": -0.2243129312992096, "z_rotation": 0.04801833629608154}}, {"file_path": "C:\\Users\\maria\\OneDrive\\Documentos\\Guillem\\Blender\\hotdog\\train/r_2", "rotation": 0.06283185307179587, "transform_matrix": [[0.004967561457306147, 0.022909080609679222, -0.031001323834061623, -0.4425185024738312], [-0.03854748606681824, 0.002952261595055461, -0.003995097707957029, -0.05702674761414528], [0.0, 0.031257688999176025, 0.023098520934581757, 0.32971248030662537], [0.0, 0.0, 0.0, 1.0]], "COLMAP_transform_matrix": {"x_pos": -5.130220692706189e-09, "y_pos": 1.6763806343078613e-08, "z_pos": 0.5547837615013123, "w_rotation": 0.3382100760936737, "x_rotation": 0.6704623699188232, "y_rotation": -0.5896052122116089, "z_rotation": 0.2974221706390381}, "light_transform_matrix": [[0.12602588534355164, 0.5899897217750549, -0.7975146770477295, -0.4454725682735443], [-0.9920268654823303, 0.07525891810655594, -0.10108790546655655, -0.0574074313044548], [0.00037927276571281254, 0.8038957715034485, 0.5947702527046204, 0.3155737817287445], [0.0, 0.0, 0.0, 0.9999999403953552]], "light_COLMAP_transform_matrix": {"x_pos": -0.0009283279068768024, "y_pos": -0.013456258922815323, "z_pos": 0.5487679839134216, "w_rotation": 0.33763766288757324, "x_rotation": 0.6700848937034607, "y_rotation": -0.5902299284934998, "z_rotation": 0.29768386483192444}}, {"file_path": "C:\\Users\\maria\\OneDrive\\Documentos\\Guillem\\Blender\\hotdog\\train/r_3", "rotation": 0.06283185307179587, "transform_matrix": [[0.038221925497055054, 0.007045289035886526, -0.00018306264246348292, -0.0026130694895982742], [-0.007047669962048531, 0.03820901736617088, -0.000992811401374638, -0.014171570539474487], [0.0, 0.001009589177556336, 0.03885312005877495, 0.5545965433120728], [0.0, 0.0, 0.0, 1.0]], "COLMAP_transform_matrix": {"x_pos": 2.665589171613192e-08, "y_pos": 3.0349474400281906e-07, "z_pos": 0.5547837018966675, "w_rotation": 0.012934892438352108, "x_rotation": 0.9957630038261414, "y_rotation": -0.09103614836931229, "z_rotation": 0.0011825280962511897}, "light_transform_matrix": [[0.9832738041877747, 0.1820259690284729, -0.006250843405723572, -0.004966843873262405], [-0.18212580680847168, 0.9829654693603516, -0.02467489242553711, -0.02693691849708557], [0.0016528860433027148, 0.02540174126625061, 0.9996759295463562, 0.5482499003410339], [0.0, 0.0, 0.0, 0.9999999403953552]], "light_COLMAP_transform_matrix": {"x_pos": -0.0009283079416491091, "y_pos": -0.01345596183091402, "z_pos": 0.5487679839134216, "w_rotation": 0.012572841718792915, "x_rotation": 0.9957303404808044, "y_rotation": -0.09142830967903137, "z_rotation": 0.00198440533131361}}, {"file_path": "C:\\Users\\maria\\OneDrive\\Documentos\\Guillem\\Blender\\hotdog\\train/r_4", "rotation": 0.06283185307179587, "transform_matrix": [[0.02041507698595524, -0.021331090480089188, 0.025274373590946198, 0.3607710301876068], [0.033072806894779205, 0.013167187571525574, -0.01560128666460514, -0.22269560396671295], [0.0, 0.029701756313443184, 0.025067711248993874, 0.35782110691070557], [0.0, 0.0, 0.0, 1.0]], "COLMAP_transform_matrix": {"x_pos": 7.871740592690912e-08, "y_pos": 4.470348358154297e-08, "z_pos": 0.554783821105957, "w_rotation": 0.3679364323616028, "x_rotation": 0.7919943928718567, "y_rotation": 0.441850483417511, "z_rotation": -0.2052702009677887}, "light_transform_matrix": [[0.5267720222473145, -0.5488043427467346, 0.6490955352783203, 0.36407673358917236], [0.850006639957428, 0.3396642804145813, -0.4026376008987427, -0.22473615407943726], [0.0004946758854202926, 0.7638336420059204, 0.6454129219055176, 0.3439040780067444], [0.0, 0.0, 0.0, 0.9999999403953552]], "light_COLMAP_transform_matrix": {"x_pos": -0.0009283570107072592, "y_pos": -0.013456188142299652, "z_pos": 0.5487679839134216, "w_rotation": 0.3679995536804199, "x_rotation": 0.7924407720565796, "y_rotation": 0.4412982165813446, "z_rotation": -0.20462125539779663}}, {"file_path": "C:\\Users\\maria\\OneDrive\\Documentos\\Guillem\\Blender\\hotdog\\train/r_5", "rotation": 0.06283185307179587, "transform_matrix": [[-0.029991386458277702, -0.0237576961517334, 0.006831819657236338, 0.09751863032579422], [0.024720480665564537, -0.02882331609725952, 0.008288501761853695, 0.1183115690946579], [0.0, 0.010741188190877438, 0.03735252842307091, 0.5331767797470093], [0.0, 0.0, 0.0, 1.0]], "COLMAP_transform_matrix": {"x_pos": 1.7855354528251155e-08, "y_pos": 7.450580596923828e-09, "z_pos": 0.5547837615013123, "w_rotation": 0.047151923179626465, "x_rotation": 0.33458712697029114, "y_rotation": 0.9319754242897034, "z_rotation": -0.13133931159973145}, "light_transform_matrix": [[-0.7708932757377625, -0.6119599342346191, 0.1767164170742035, 0.1044953465461731], [0.6369627714157104, -0.7412378787994385, 0.21176579594612122, 0.126775860786438], [0.001396748935803771, 0.27581077814102173, 0.9612110257148743, 0.5237717032432556], [0.0, 0.0, 0.0, 0.9999999403953552]], "light_COLMAP_transform_matrix": {"x_pos": -0.0009283015970140696, "y_pos": -0.013456203043460846, "z_pos": 0.5487679243087769, "w_rotation": 0.047785066068172455, "x_rotation": 0.33506709337234497, "y_rotation": 0.9318452477455139, "z_rotation": -0.13080941140651703}}, {"file_path": "C:\\Users\\maria\\OneDrive\\Documentos\\Guillem\\Blender\\hotdog\\train/r_6", "rotation": 0.06283185307179587, "transform_matrix": [[0.03372142091393471, -0.01869475655257702, 0.004894612822681665, 0.0698665976524353], [0.01932489313185215, 0.032621849328279495, -0.008540968410670757, -0.12191534042358398], [0.0, 0.009844054467976093, 0.03759891912341118, 0.5366938710212708], [0.0, 0.0, 0.0, 1.0]], "COLMAP_transform_matrix": {"x_pos": 7.880884833610935e-10, "y_pos": 2.9802322387695312e-08, "z_pos": 0.5547837018966675, "w_rotation": 0.12338748574256897, "x_rotation": 0.9584306478500366, "y_rotation": 0.2551613748073578, "z_rotation": -0.03284923732280731}, "light_transform_matrix": [[0.8682045340538025, -0.48041000962257385, 0.12420625984668732, 0.07543091475963593], [0.496204674243927, 0.8398430347442627, -0.22010111808776855, -0.1316249519586563], [0.0014250136446207762, 0.2527245283126831, 0.9675371646881104, 0.5275540947914124], [0.0, 0.0, 0.0, 0.9999999403953552]], "light_COLMAP_transform_matrix": {"x_pos": -0.0009283205145038664, "y_pos": -0.013456210494041443, "z_pos": 0.5487680435180664, "w_rotation": 0.12331274151802063, "x_rotation": 0.9585908055305481, "y_rotation": 0.2547006905078888, "z_rotation": -0.03202129900455475}}, {"file_path": "C:\\Users\\maria\\OneDrive\\Documentos\\Guillem\\Blender\\hotdog\\train/r_7", "rotation": 0.06283185307179587, "transform_matrix": [[-0.023496398702263832, 0.023878691717982292, -0.01970564015209675, -0.2812819182872772], [-0.030959732830524445, -0.0181223563849926, 0.01495528407394886, 0.21347445249557495], [-5.791523371989626e-10, 0.024738086387515068, 0.029976848512887955, 0.4278950095176697], [0.0, 0.0, 0.0, 1.0]], "COLMAP_transform_matrix": {"x_pos": -6.325509005478125e-09, "y_pos": -6.705522537231445e-08, "z_pos": 0.5547837615013123, "w_rotation": 0.1503724306821823, "x_rotation": 0.41846826672554016, "y_rotation": -0.8429269194602966, "z_rotation": 0.30289745330810547}, "light_transform_matrix": [[-0.6058623194694519, 0.6142091751098633, -0.5056459903717041, -0.28630974888801575], [-0.7955692410469055, -0.4671059250831604, 0.3858520984649658, 0.21729020774364471], [0.0008037077495828271, 0.6360495686531067, 0.7716476917266846, 0.41489750146865845], [0.0, 0.0, 0.0, 0.9999999403953552]], "light_COLMAP_transform_matrix": {"x_pos": -0.0009283609688282013, "y_pos": -0.013456173241138458, "z_pos": 0.5487680435180664, "w_rotation": 0.1496628224849701, "x_rotation": 0.4179352819919586, "y_rotation": -0.8432994484901428, "z_rotation": 0.3029475510120392}}, {"file_path": "C:\\Users\\maria\\OneDrive\\Documentos\\Guillem\\Blender\\hotdog\\train/r_8", "rotation": 0.06283185307179587, "transform_matrix": [[-0.00960216112434864, 0.03680510073900223, -0.007985464297235012, -0.11398597061634064], [-0.037661440670490265, -0.009383829310536385, 0.002035974059253931, 0.02906186506152153], [0.0, 0.008240926079452038, 0.0379825159907341, 0.5421693325042725], [0.0, 0.0, 0.0, 1.0]], "COLMAP_transform_matrix": {"x_pos": 3.4446787644526466e-09, "y_pos": 1.0244548320770264e-08, "z_pos": 0.5547837615013123, "w_rotation": 0.06542181223630905, "x_rotation": 0.6100752353668213, "y_rotation": -0.7851367592811584, "z_rotation": 0.08419463038444519}, "light_transform_matrix": [[-0.24812428653240204, 0.9468967914581299, -0.20450136065483093, -0.12519583106040955], [-0.9687270522117615, -0.2422112226486206, 0.05386606603860855, 0.031919926404953], [0.0014730807160958648, 0.21147161722183228, 0.977383017539978, 0.5335122346878052], [0.0, 0.0, 0.0, 0.9999999403953552]], "light_COLMAP_transform_matrix": {"x_pos": -0.0009283117251470685, "y_pos": -0.013456223532557487, "z_pos": 0.5487679243087769, "w_rotation": 0.06462179869413376, "x_rotation": 0.6097227334976196, "y_rotation": -0.7854487299919128, "z_rotation": 0.08445415645837784}}, {"file_path": "C:\\Users\\maria\\OneDrive\\Documentos\\Guillem\\Blender\\hotdog\\train/r_9", "rotation": 0.06283185307179587, "transform_matrix": [[0.007298005744814873, -0.03788715600967407, 0.004678403493016958, 0.06678038835525513], [0.03817492723464966, 0.007242992054671049, -0.000894383352715522, -0.01276659220457077], [0.0, 0.004763126373291016, 0.038573265075683594, 0.5506018400192261], [0.0, 0.0, 0.0, 1.0]], "COLMAP_transform_matrix": {"x_pos": 1.4122316649434197e-08, "y_pos": -1.5366822481155396e-08, "z_pos": 0.5547837018966675, "w_rotation": 0.04731089994311333, "x_rotation": 0.7691864967346191, "y_rotation": 0.63606858253479, "z_rotation": -0.03912312909960747}, "light_transform_matrix": [[0.18871909379959106, -0.9747336506843567, 0.1194964051246643, 0.07886725664138794], [0.9820299744606018, 0.18712230026721954, -0.024547629058361053, -0.015077274292707443], [0.0015669623389840126, 0.12198162078857422, 0.9925310611724854, 0.5430293083190918], [0.0, 0.0, 0.0, 0.9999999403953552]], "light_COLMAP_transform_matrix": {"x_pos": -0.000928309396840632, "y_pos": -0.013456250540912151, "z_pos": 0.5487679839134216, "w_rotation": 0.04760684818029404, "x_rotation": 0.7694758176803589, "y_rotation": 0.6357457041740417, "z_rotation": -0.03831487149000168}}, {"file_path": "C:\\Users\\maria\\OneDrive\\Documentos\\Guillem\\Blender\\hotdog\\train/r_10", "rotation": 0.06283185307179587, "transform_matrix": [[0.010888131335377693, -0.03721124678850174, 0.002712383633479476, 0.038717061281204224], [0.03730997443199158, 0.010859319940209389, -0.0007915521855466068, -0.011298760771751404], [0.0, 0.0028255183715373278, 0.038763392716646194, 0.5533157587051392], [0.0, 0.0, 0.0, 1.0]], "COLMAP_transform_matrix": {"x_pos": 4.1584513610359863e-08, "y_pos": -3.3993273973464966e-08, "z_pos": 0.5547837615013123, "w_rotation": 0.029100315645337105, "x_rotation": 0.7995153665542603, "y_rotation": 0.5995433330535889, "z_rotation": -0.021821867674589157}, "light_transform_matrix": [[0.2809922695159912, -0.9572433233261108, 0.06876763701438904, 0.050879210233688354], [0.9597086906433105, 0.2801491916179657, -0.02181106060743332, -0.014848053455352783], [0.0016132829478010535, 0.07212561368942261, 0.9973942041397095, 0.5463690161705017], [0.0, 0.0, 0.0, 0.9999999403953552]], "light_COLMAP_transform_matrix": {"x_pos": -0.0009282967075705528, "y_pos": -0.013456234708428383, "z_pos": 0.5487679839134216, "w_rotation": 0.029363609850406647, "x_rotation": 0.7997711300849915, "y_rotation": 0.5992189049720764, "z_rotation": -0.020991746336221695}}, {"file_path": "C:\\Users\\maria\\OneDrive\\Documentos\\Guillem\\Blender\\hotdog\\train/r_11", "rotation": 0.06283185307179587, "transform_matrix": [[0.028961092233657837, 0.017399489879608154, -0.01921193301677704, -0.2742345929145813], [-0.025919893756508827, 0.01944098249077797, -0.021466078236699104, -0.30641070008277893], [5.791522261766602e-10, 0.028807830065488815, 0.026090107858181, 0.3724149167537689], [0.0, 0.0, 0.0, 1.0]], "COLMAP_transform_matrix": {"x_pos": -6.0249583100358e-08, "y_pos": 7.450580596923828e-09, "z_pos": 0.5547837615013123, "w_rotation": 0.37870365381240845, "x_rotation": 0.85390704870224, "y_rotation": -0.3263165056705475, "z_rotation": 0.14471980929374695}, "light_transform_matrix": [[0.7439766526222229, 0.4485306143760681, -0.49529707431793213, -0.2771480083465576], [-0.6682054400444031, 0.5000085830688477, -0.5509020686149597, -0.3096659779548645], [0.0005563021404668689, 0.7408185601234436, 0.6717052459716797, 0.3586421608924866], [0.0, 0.0, 0.0, 0.9999999403953552]], "light_COLMAP_transform_matrix": {"x_pos": -0.0009283394902013242, "y_pos": -0.013456247746944427, "z_pos": 0.5487679839134216, "w_rotation": 0.37824031710624695, "x_rotation": 0.8537696599960327, "y_rotation": -0.32700151205062866, "z_rotation": 0.14519527554512024}}, {"file_path": "C:\\Users\\maria\\OneDrive\\Documentos\\Guillem\\Blender\\hotdog\\train/r_12", "rotation": 0.06283185307179587, "transform_matrix": [[0.03221709653735161, 0.021683240309357643, -0.0015751445898786187, -0.02248390018939972], [-0.0217403843998909, 0.03213241323828697, -0.002334207994863391, -0.033318907022476196], [1.4478807042195285e-10, 0.002815965097397566, 0.03876408934593201, 0.5533256530761719], [0.0, 0.0, 0.0, 1.0]], "COLMAP_transform_matrix": {"x_pos": 2.2283792588950746e-08, "y_pos": 6.798654794692993e-08, "z_pos": 0.5547837018966675, "w_rotation": 0.03466508910059929, "x_rotation": 0.9556460380554199, "y_rotation": -0.2922782301902771, "z_rotation": 0.010602076537907124}, "light_transform_matrix": [[0.8284261226654053, 0.5585518479347229, -0.04159274697303772, -0.029571712017059326], [-0.560096025466919, 0.8263491988182068, -0.05864560604095459, -0.04382236301898956], [0.001613504602573812, 0.0718798041343689, 0.9974119663238525, 0.546381950378418], [0.0, 0.0, 0.0, 0.9999999403953552]], "light_COLMAP_transform_matrix": {"x_pos": -0.000928327557630837, "y_pos": -0.013456165790557861, "z_pos": 0.5487679243087769, "w_rotation": 0.03414984047412872, "x_rotation": 0.9555349349975586, "y_rotation": -0.2926759123802185, "z_rotation": 0.011304209940135479}}, {"file_path": "C:\\Users\\maria\\OneDrive\\Documentos\\Guillem\\Blender\\hotdog\\train/r_13", "rotation": 0.06283185307179587, "transform_matrix": [[-0.038765911012887955, -0.002658373909071088, 0.0008502794080413878, 0.012137044221162796], [0.002791045233607292, -0.036923184990882874, 0.011809860356152058, 0.16857610642910004], [0.0, 0.011840429157018661, 0.037018757313489914, 0.5284125208854675], [0.0, 0.0, 0.0, 1.0]], "COLMAP_transform_matrix": {"x_pos": -6.654409245854254e-10, "y_pos": 8.672941476106644e-09, "z_pos": 0.5547837615013123, "w_rotation": 0.0055390214547514915, "x_rotation": 0.035499442368745804, "y_rotation": 0.9874070286750793, "z_rotation": -0.15406636893749237}, "light_transform_matrix": [[-0.9973276853561401, -0.06917448341846466, 0.02350621670484543, 0.012904439121484756], [0.07304657250642776, -0.9501256942749023, 0.30319151282310486, 0.17923477292060852], [0.001360744470730424, 0.30409836769104004, 0.9526395797729492, 0.51868736743927], [0.0, 0.0, 0.0, 0.9999999403953552]], "light_COLMAP_transform_matrix": {"x_pos": -0.0009283339022658765, "y_pos": -0.013456273823976517, "z_pos": 0.5487679839134216, "w_rotation": 0.006295863538980484, "x_rotation": 0.03600778803229332, "y_rotation": 0.9874326586723328, "z_rotation": -0.15375475585460663}}, {"file_path": "C:\\Users\\maria\\OneDrive\\Documentos\\Guillem\\Blender\\hotdog\\train/r_14", "rotation": 0.06283185307179587, "transform_matrix": [[0.03886260464787483, 0.00047981878742575645, -0.0002303770452272147, -0.0032884443644434214], [-0.0005322592332959175, 0.0350336991250515, -0.01682084985077381, -0.24010391533374786], [0.0, 0.01682242751121521, 0.03503698483109474, 0.5001243352890015], [0.0, 0.0, 0.0, 1.0]], "COLMAP_transform_matrix": {"x_pos": -2.9948082902464535e-10, "y_pos": 8.534698281437159e-09, "z_pos": 0.554783821105957, "w_rotation": 0.2219451367855072, "x_rotation": 0.9750351309776306, "y_rotation": -0.006676691118627787, "z_rotation": 0.0015198002802208066}, "light_transform_matrix": [[0.9998851418495178, 0.013114619068801403, -0.007593040354549885, -0.003415066283196211], [-0.015108320862054825, 0.9016292095184326, -0.432245671749115, -0.24934923648834229], [0.0011773696169257164, 0.4323107898235321, 0.9017239809036255, 0.48902106285095215], [0.0, 0.0, 0.0, 0.9999999403953552]], "light_COLMAP_transform_matrix": {"x_pos": -0.0009283326799049973, "y_pos": -0.01345626451075077, "z_pos": 0.5487680435180664, "w_rotation": 0.22165964543819427, "x_rotation": 0.9750946760177612, "y_rotation": -0.007235949859023094, "z_rotation": 0.002248605014756322}}, {"file_path": "C:\\Users\\maria\\OneDrive\\Documentos\\Guillem\\Blender\\hotdog\\train/r_15", "rotation": 0.06283185307179587, "transform_matrix": [[-0.0025407567154616117, -0.03675438091158867, 0.012379203923046589, 0.17670299112796783], [0.03878311440348625, -0.002407850231975317, 0.0008109854534268379, 0.011576153337955475], [7.239403521097643e-11, 0.01240573637187481, 0.03683316335082054, 0.5257632732391357], [0.0, 0.0, 0.0, 1.0]], "COLMAP_transform_matrix": {"x_pos": 4.789431784502085e-08, "y_pos": -5.3551048040390015e-09, "z_pos": 0.5547837615013123, "w_rotation": 0.11055528372526169, "x_rotation": 0.6746048331260681, "y_rotation": 0.7202455401420593, "z_rotation": -0.11803501844406128}, "light_transform_matrix": [[-0.06411533802747726, -0.9458959698677063, 0.3180723488330841, 0.18721657991409302], [0.9979415535926819, -0.061199918389320374, 0.019161060452461243, 0.0122649185359478], [0.0013416296569630504, 0.31864601373672485, 0.9478727579116821, 0.5158756971359253], [0.0, 0.0, 0.0, 0.9999999403953552]], "light_COLMAP_transform_matrix": {"x_pos": -0.0009282720857299864, "y_pos": -0.013456253334879875, "z_pos": 0.5487679839134216, "w_rotation": 0.11091862618923187, "x_rotation": 0.675010621547699, "y_rotation": 0.7199285626411438, "z_rotation": -0.11730582267045975}}, {"file_path": "C:\\Users\\maria\\OneDrive\\Documentos\\Guillem\\Blender\\hotdog\\train/r_16", "rotation": 0.06283185307179587, "transform_matrix": [[-0.0052480013109743595, -0.03478790074586868, 0.016518015414476395, 0.23578114807605743], [0.03851030766963959, -0.004740729462355375, 0.002250996185466647, 0.032131128013134], [2.895761130883301e-10, 0.01667068712413311, 0.03510943800210953, 0.5011584758758545], [0.0, 0.0, 0.0, 1.0]], "COLMAP_transform_matrix": {"x_pos": 1.2114083958181254e-08, "y_pos": -4.656612873077393e-10, "z_pos": 0.5547837615013123, "w_rotation": 0.14457528293132782, "x_rotation": 0.6415484547615051, "y_rotation": 0.7349053025245667, "z_rotation": -0.16561359167099}, "light_transform_matrix": [[-0.1336311399936676, -0.8954143524169922, 0.4247063994407654, 0.24499014019966125], [0.9910303354263306, -0.12124983966350555, 0.056188613176345825, 0.03338608145713806], [0.0011834829347208142, 0.4284055531024933, 0.9035857915878296, 0.49009525775909424], [0.0, 0.0, 0.0, 0.9999999403953552]], "light_COLMAP_transform_matrix": {"x_pos": -0.0009283612598665059, "y_pos": -0.013456232845783234, "z_pos": 0.5487679243087769, "w_rotation": 0.14494219422340393, "x_rotation": 0.6420095562934875, "y_rotation": 0.7345861196517944, "z_rotation": -0.16492082178592682}}, {"file_path": "C:\\Users\\maria\\OneDrive\\Documentos\\Guillem\\Blender\\hotdog\\train/r_17", "rotation": 0.06283185307179587, "transform_matrix": [[-0.02223913185298443, 0.03178475424647331, -0.0023948524612933397, -0.03418456017971039], [-0.031874850392341614, -0.022176271304488182, 0.0016708922339603305, 0.023850619792938232], [-1.4478805654416504e-10, 0.00292011140845716, 0.03875637799501419, 0.5532156229019165], [0.0, 0.0, 0.0, 1.0]], "COLMAP_transform_matrix": {"x_pos": 9.106199883035515e-08, "y_pos": -1.909211277961731e-07, "z_pos": 0.5547837615013123, "w_rotation": 0.01738661341369152, "x_rotation": 0.4621681571006775, "y_rotation": -0.8859951496124268, "z_rotation": 0.03333065286278725}, "light_transform_matrix": [[-0.5729241967201233, 0.8173953294754028, -0.060189664363861084, -0.04456108808517456], [-0.819606602191925, -0.5712319016456604, 0.0440341979265213, 0.031090334057807922], [0.0016111154109239578, 0.0745595395565033, 0.9972150921821594, 0.5462379455566406], [0.0, 0.0, 0.0, 0.9999999403953552]], "light_COLMAP_transform_matrix": {"x_pos": -0.0009282480459660292, "y_pos": -0.01345640979707241, "z_pos": 0.5487679243087769, "w_rotation": 0.016525287181138992, "x_rotation": 0.4618060290813446, "y_rotation": -0.886195719242096, "z_rotation": 0.03345585986971855}}, {"file_path": "C:\\Users\\maria\\OneDrive\\Documentos\\Guillem\\Blender\\hotdog\\train/r_18", "rotation": 0.06283185307179587, "transform_matrix": [[-0.038054805248975754, -0.007137250620871782, 0.0033877152018249035, 0.04835686832666397], [0.007900443859398365, -0.03437866270542145, 0.016317926347255707, 0.23292505741119385], [0.0, 0.016665874049067497, 0.035111721605062485, 0.5011911392211914], [0.0, 0.0, 0.0, 1.0]], "COLMAP_transform_matrix": {"x_pos": 2.587447145430133e-09, "y_pos": 3.259629011154175e-08, "z_pos": 0.5547837615013123, "w_rotation": 0.02245449088513851, "x_rotation": 0.09967300295829773, "y_rotation": 0.9704457521438599, "z_rotation": -0.21862362325191498}, "light_transform_matrix": [[-0.9788340926170349, -0.1844361424446106, 0.08869554102420807, 0.05024641752243042], [0.20465141534805298, -0.8846229314804077, 0.4189983308315277, 0.24202659726142883], [0.0011836685007438064, 0.42828166484832764, 0.9036445617675781, 0.490129292011261], [0.0, 0.0, 0.0, 0.9999999403953552]], "light_COLMAP_transform_matrix": {"x_pos": -0.000928324181586504, "y_pos": -0.013456213288009167, "z_pos": 0.5487680435180664, "w_rotation": 0.02315397560596466, "x_rotation": 0.10023369640111923, "y_rotation": 0.9704511761665344, "z_rotation": -0.21826963126659393}}, {"file_path": "C:\\Users\\maria\\OneDrive\\Documentos\\Guillem\\Blender\\hotdog\\train/r_19", "rotation": 0.06283185307179587, "transform_matrix": [[-0.03717543184757233, 0.0074954526498913765, -0.008508292026817799, -0.12144889682531357], [-0.011339000426232815, -0.02457418665289879, 0.027894821017980576, 0.39817574620246887], [-5.791522816878114e-10, 0.02916354313492775, 0.02569187432527542, 0.3667304515838623], [0.0, 0.0, 0.0, 1.0]], "COLMAP_transform_matrix": {"x_pos": -2.5126295710720115e-08, "y_pos": -8.754432201385498e-08, "z_pos": 0.5547837615013123, "w_rotation": 0.06071711704134941, "x_rotation": 0.1344069391489029, "y_rotation": -0.9013608694076538, "z_rotation": 0.40718159079551697}, "light_transform_matrix": [[-0.9570087194442749, 0.19224560260772705, -0.21720069646835327, -0.12266810983419418], [-0.29005900025367737, -0.6329113245010376, 0.7178363800048828, 0.40217292308807373], [0.0005321261123754084, 0.749976634979248, 0.6614642143249512, 0.3528989851474762], [0.0, 0.0, 0.0, 0.9999999403953552]], "light_COLMAP_transform_matrix": {"x_pos": -0.0009283471154049039, "y_pos": -0.013456201180815697, "z_pos": 0.5487679839134216, "w_rotation": 0.06008026376366615, "x_rotation": 0.13373875617980957, "y_rotation": -0.901579737663269, "z_rotation": 0.4070114195346832}}, {"file_path": "C:\\Users\\maria\\OneDrive\\Documentos\\Guillem\\Blender\\hotdog\\train/r_20", "rotation": 0.06283185307179587, "transform_matrix": [[0.038340773433446884, -0.0043163239024579525, 0.004684004932641983, 0.06686033308506012], [0.0063695041462779045, 0.025981800630688667, -0.028195030987262726, -0.4024609923362732], [0.0, 0.02858145721256733, 0.026337893679738045, 0.375951886177063], [0.0, 0.0, 0.0, 1.0]], "COLMAP_transform_matrix": {"x_pos": 1.8093760933979297e-09, "y_pos": 1.6298145055770874e-08, "z_pos": 0.5547837615013123, "w_rotation": 0.40010377764701843, "x_rotation": 0.9127743244171143, "y_rotation": 0.07530298084020615, "z_rotation": -0.03300817310810089}, "light_transform_matrix": [[0.9867647290229797, -0.1103694885969162, 0.11880163103342056, 0.06759573519229889], [0.16215713322162628, 0.6690346598625183, -0.7253257632255554, -0.4068877100944519], [0.0005714105791412294, 0.7349904179573059, 0.6780771017074585, 0.36221733689308167], [0.0, 0.0, 0.0, 0.9999999403953552]], "light_COLMAP_transform_matrix": {"x_pos": -0.0009283223189413548, "y_pos": -0.013456199318170547, "z_pos": 0.5487679839134216, "w_rotation": 0.39989152550697327, "x_rotation": 0.9129453301429749, "y_rotation": 0.07462842762470245, "z_rotation": -0.03237604722380638}}, {"file_path": "C:\\Users\\maria\\OneDrive\\Documentos\\Guillem\\Blender\\hotdog\\train/r_21", "rotation": 0.06283185307179587, "transform_matrix": [[0.004531254991889, 0.024404015392065048, -0.02990812622010708, -0.4269140660762787], [-0.03860120847821236, 0.0028646979480981827, -0.0035108053125441074, -0.050113875418901443], [1.4478808429974066e-10, 0.03011348471045494, 0.024571577087044716, 0.3507392108440399], [0.0, 0.0, 0.0, 1.0]], "COLMAP_transform_matrix": {"x_pos": -3.1864693994521076e-08, "y_pos": 8.614733815193176e-09, "z_pos": 0.5547837615013123, "w_rotation": 0.3204178810119629, "x_rotation": 0.6750001907348633, "y_rotation": -0.6003991961479187, "z_rotation": 0.28500527143478394}, "light_transform_matrix": [[0.11481770128011703, 0.6284285187721252, -0.7693465948104858, -0.430542528629303], [-0.9933865070343018, 0.07299776375293732, -0.08862641453742981, -0.05053981393575668], [0.0004652159404940903, 0.7744344472885132, 0.6326538920402527, 0.33675968647003174], [0.0, 0.0, 0.0, 0.9999999403953552]], "light_COLMAP_transform_matrix": {"x_pos": -0.0009283125982619822, "y_pos": -0.013456197455525398, "z_pos": 0.5487679839134216, "w_rotation": 0.3198304772377014, "x_rotation": 0.6746238470077515, "y_rotation": -0.6010071635246277, "z_rotation": 0.2852745056152344}}, {"file_path": "C:\\Users\\maria\\OneDrive\\Documentos\\Guillem\\Blender\\hotdog\\train/r_22", "rotation": 0.06283185307179587, "transform_matrix": [[-0.03845682740211487, -0.004569842480123043, 0.003282472025603056, 0.04685460403561592], [0.0056265536695718765, -0.03123433142900467, 0.022435307502746582, 0.3202456831932068], [0.0, 0.022674163803458214, 0.031566862016916275, 0.45059114694595337], [0.0, 0.0, 0.0, 1.0]], "COLMAP_transform_matrix": {"x_pos": -4.4639874019480885e-09, "y_pos": -2.561137080192566e-08, "z_pos": 0.5547837615013123, "w_rotation": 0.02223966084420681, "x_rotation": 0.06908340007066727, "y_rotation": 0.9493806958198547, "z_rotation": -0.3056291937828064}, "light_transform_matrix": [[-0.9892328977584839, -0.11838500201702118, 0.08604303002357483, 0.04789234697818756], [0.14634749293327332, -0.8038568496704102, 0.5765383243560791, 0.3273385763168335], [0.0009127988596446812, 0.5829228758811951, 0.8125269412994385, 0.4380457401275635], [0.0, 0.0, 0.0, 0.9999999403953552]], "light_COLMAP_transform_matrix": {"x_pos": -0.0009283343097195029, "y_pos": -0.01345621794462204, "z_pos": 0.5487680435180664, "w_rotation": 0.02289701998233795, "x_rotation": 0.06970877200365067, "y_rotation": 0.94942307472229, "z_rotation": -0.3053067922592163}}, {"file_path": "C:\\Users\\maria\\OneDrive\\Documentos\\Guillem\\Blender\\hotdog\\train/r_23", "rotation": 0.06283185307179587, "transform_matrix": [[0.038153599947690964, 0.007306700572371483, -0.0012249159626662731, -0.017484676092863083], [-0.007408665958791971, 0.03762849420309067, -0.006308147218078375, -0.09004364907741547], [7.239403521097643e-11, 0.006425976287573576, 0.03833133354783058, 0.5471484661102295], [0.0, 0.0, 0.0, 1.0]], "COLMAP_transform_matrix": {"x_pos": -2.962440737164229e-09, "y_pos": 2.537854015827179e-08, "z_pos": 0.5547837615013123, "w_rotation": 0.08257261663675308, "x_rotation": 0.9919747710227966, "y_rotation": -0.09541971236467361, "z_rotation": 0.007942796684801579}, "light_transform_matrix": [[0.981465756893158, 0.18876594305038452, -0.033050112426280975, -0.01976580172777176], [-0.19163136184215546, 0.9681004881858826, -0.16142749786376953, -0.10179117321968079], [0.001523821149021387, 0.16476911306381226, 0.9863309860229492, 0.5390511155128479], [0.0, 0.0, 0.0, 0.9999999403953552]], "light_COLMAP_transform_matrix": {"x_pos": -0.0009283354738727212, "y_pos": -0.013456248678267002, "z_pos": 0.5487679243087769, "w_rotation": 0.08221054822206497, "x_rotation": 0.9919548034667969, "y_rotation": -0.09587061405181885, "z_rotation": 0.008713586255908012}}, {"file_path": "C:\\Users\\maria\\OneDrive\\Documentos\\Guillem\\Blender\\hotdog\\train/r_24", "rotation": 0.06283185307179587, "transform_matrix": [[-0.01296269055455923, 0.03655483201146126, -0.002509524580091238, -0.03582140803337097], [-0.03664087504148483, -0.012932250276207924, 0.0008878115331754088, 0.012672781944274902], [0.0, 0.0026619271375238895, 0.03877497464418411, 0.5534809827804565], [0.0, 0.0, 0.0, 1.0]], "COLMAP_transform_matrix": {"x_pos": -1.2852311215283407e-07, "y_pos": -9.033828973770142e-08, "z_pos": 0.5547837018966675, "w_rotation": 0.01977999322116375, "x_rotation": 0.5769302248954773, "y_rotation": -0.8160744309425354, "z_rotation": 0.027979223057627678}, "light_transform_matrix": [[-0.3343474268913269, 0.9403103590011597, -0.06346869468688965, -0.04779300093650818], [-0.9424483776092529, -0.3334723711013794, 0.024228230118751526, 0.016908057034015656], [0.0016170012531802058, 0.06791636347770691, 0.9976897835731506, 0.5465877652168274], [0.0, 0.0, 0.0, 0.9999999403953552]], "light_COLMAP_transform_matrix": {"x_pos": -0.0009284308180212975, "y_pos": -0.01345630083233118, "z_pos": 0.5487679839134216, "w_rotation": 0.01894213818013668, "x_rotation": 0.5765998959541321, "y_rotation": -0.816319465637207, "z_rotation": 0.02821960672736168}}, {"file_path": "C:\\Users\\maria\\OneDrive\\Documentos\\Guillem\\Blender\\hotdog\\train/r_25", "rotation": 0.06283185307179587, "transform_matrix": [[0.010485311970114708, -0.03445263206958771, 0.014617088250815868, 0.2086469829082489], [0.03742518275976181, 0.009652500040829182, -0.004095229785889387, -0.05845606327056885], [0.0, 0.01517992652952671, 0.03577924147248268, 0.5107194185256958], [0.0, 0.0, 0.0, 1.0]], "COLMAP_transform_matrix": {"x_pos": 2.573294821672789e-08, "y_pos": -4.284083843231201e-08, "z_pos": 0.5547837615013123, "w_rotation": 0.1587872952222824, "x_rotation": 0.7808176279067993, "y_rotation": 0.5921239852905273, "z_rotation": -0.12041449546813965}, "light_transform_matrix": [[0.27108630537986755, -0.8864500522613525, 0.3751247227191925, 0.21803641319274902], [0.9625544548034668, 0.24914968013763428, -0.10683497041463852, -0.061086662113666534], [0.0012416531099006534, 0.39003950357437134, 0.9207972884178162, 0.5000567436218262], [0.0, 0.0, 0.0, 0.9999999403953552]], "light_COLMAP_transform_matrix": {"x_pos": -0.0009283328545279801, "y_pos": -0.013456256128847599, "z_pos": 0.5487679243087769, "w_rotation": 0.15901198983192444, "x_rotation": 0.7811902761459351, "y_rotation": 0.5917266607284546, "z_rotation": -0.11965173482894897}}, {"file_path": "C:\\Users\\maria\\OneDrive\\Documentos\\Guillem\\Blender\\hotdog\\train/r_26", "rotation": 0.06283185307179587, "transform_matrix": [[0.03231371194124222, 0.0199604369699955, -0.008245617151260376, -0.11769945174455643], [-0.021596519276499748, 0.029865730553865433, -0.012337473221123219, -0.17610734701156616], [5.791522816878114e-10, 0.014839256182312965, 0.03592187538743019, 0.5127553939819336], [0.0, 0.0, 0.0, 1.0]], "COLMAP_transform_matrix": {"x_pos": 4.315065638138549e-09, "y_pos": 1.4901161193847656e-08, "z_pos": 0.5547837615013123, "w_rotation": 0.18623962998390198, "x_rotation": 0.9386260509490967, "y_rotation": -0.2847859561443329, "z_rotation": 0.056506458669900894}, "light_transform_matrix": [[0.8306587934494019, 0.5143258571624756, -0.21324856579303741, -0.1231737732887268], [-0.5567805171012878, 0.7681798934936523, -0.316061794757843, -0.1842983067035675], [0.0012545137433335185, 0.38127216696739197, 0.924462080001831, 0.5021858811378479], [0.0, 0.0, 0.0, 0.9999999403953552]], "light_COLMAP_transform_matrix": {"x_pos": -0.0009283547988161445, "y_pos": -0.013456225395202637, "z_pos": 0.5487681031227112, "w_rotation": 0.18575307726860046, "x_rotation": 0.93852299451828, "y_rotation": -0.2853171229362488, "z_rotation": 0.05713849514722824}}, {"file_path": "C:\\Users\\maria\\OneDrive\\Documentos\\Guillem\\Blender\\hotdog\\train/r_27", "rotation": 0.06283185307179587, "transform_matrix": [[0.014887504279613495, 0.03517311066389084, -0.007197178900241852, -0.10273383557796478], [-0.03590192273259163, 0.014585287310183048, -0.0029844653327018023, -0.04260079562664032], [-2.895761408439057e-10, 0.007791430689394474, 0.03807726502418518, 0.5435217618942261], [0.0, 0.0, 0.0, 1.0]], "COLMAP_transform_matrix": {"x_pos": -2.0682000112515198e-08, "y_pos": -1.6763806343078613e-08, "z_pos": 0.5547837018966675, "w_rotation": 0.08377859741449356, "x_rotation": 0.8273471593856812, "y_rotation": -0.5525820255279541, "z_rotation": 0.055955395102500916}, "light_transform_matrix": [[0.3820417523384094, 0.9053778648376465, -0.18529760837554932, -0.11351370811462402], [-0.9241440296173096, 0.3746052384376526, -0.07502664625644684, -0.047070905566215515], [0.001485999091528356, 0.19990497827529907, 0.9798141717910767, 0.5350019931793213], [0.0, 0.0, 0.0, 0.9999999403953552]], "light_COLMAP_transform_matrix": {"x_pos": -0.0009283520630560815, "y_pos": -0.01345624029636383, "z_pos": 0.5487679243087769, "w_rotation": 0.08309981971979141, "x_rotation": 0.8271126747131348, "y_rotation": -0.5529845952987671, "z_rotation": 0.05645653232932091}}, {"file_path": "C:\\Users\\maria\\OneDrive\\Documentos\\Guillem\\Blender\\hotdog\\train/r_28", "rotation": 0.06283185307179587, "transform_matrix": [[0.0388648584485054, 0.00031499084434472024, -9.623960795579478e-05, -0.001373741775751114], [-0.00032936513889580965, 0.037168703973293304, -0.011356206610798836, -0.16210058331489563], [0.0, 0.011356617324054241, 0.037170037627220154, 0.5305719375610352], [0.0, 0.0, 0.0, 1.0]], "COLMAP_transform_matrix": {"x_pos": 1.0346619394585588e-10, "y_pos": 1.2597411114256829e-08, "z_pos": 0.554783821105957, "w_rotation": 0.14771798253059387, "x_rotation": 0.9890204668045044, "y_rotation": -0.004190714098513126, "z_rotation": 0.0006259159417822957}, "light_transform_matrix": [[0.9999520778656006, 0.008871780708432198, -0.004144324921071529, -0.0014653673861175776], [-0.009694764390587807, 0.9564845561981201, -0.29162168502807617, -0.1729123890399933], [0.0013767796335741878, 0.2916480302810669, 0.9565247297286987, 0.5209870338439941], [0.0, 0.0, 0.0, 0.9999999403953552]], "light_COLMAP_transform_matrix": {"x_pos": -0.0009283316321671009, "y_pos": -0.013456217013299465, "z_pos": 0.5487680435180664, "w_rotation": 0.14743028581142426, "x_rotation": 0.9890603423118591, "y_rotation": -0.004692975897341967, "z_rotation": 0.0013955432223156095}}, {"file_path": "C:\\Users\\maria\\OneDrive\\Documentos\\Guillem\\Blender\\hotdog\\train/r_29", "rotation": 0.06283185307179587, "transform_matrix": [[0.0019470206461846828, 0.03125036880373955, -0.023026244714856148, -0.3286808431148529], [-0.038817450404167175, 0.0015674678143113852, -0.0011549590853974223, -0.016486097127199173], [0.0, 0.023055195808410645, 0.03128965198993683, 0.4466342329978943], [0.0, 0.0, 0.0, 1.0]], "COLMAP_transform_matrix": {"x_pos": -3.5505955509052e-08, "y_pos": 1.0826624929904938e-08, "z_pos": 0.5547837615013123, "w_rotation": 0.22622205317020416, "x_rotation": 0.6883830428123474, "y_rotation": -0.6547204256057739, "z_rotation": 0.21515952050685883}, "light_transform_matrix": [[0.048488911241292953, 0.8044275045394897, -0.5920684933662415, -0.3356878459453583], [-0.9988232851028442, 0.039581913501024246, -0.02802220731973648, -0.016837557777762413], [0.0008933648350648582, 0.5927307605743408, 0.8054002523422241, 0.4340028464794159], [0.0, 0.0, 0.0, 0.9999999403953552]], "light_COLMAP_transform_matrix": {"x_pos": -0.0009283121908083558, "y_pos": -0.013456185348331928, "z_pos": 0.5487680435180664, "w_rotation": 0.22555868327617645, "x_rotation": 0.6880171895027161, "y_rotation": -0.6552347540855408, "z_rotation": 0.2154604196548462}}, {"file_path": "C:\\Users\\maria\\OneDrive\\Documentos\\Guillem\\Blender\\hotdog\\train/r_30", "rotation": 0.06283185307179587, "transform_matrix": [[-0.030918903648853302, -0.02263965643942356, 0.006484797690063715, 0.09256518632173538], [0.023550095036625862, -0.02972359023988247, 0.008513886481523514, 0.12152877449989319], [0.0, 0.01070228312164545, 0.0373636931180954, 0.5333361625671387], [0.0, 0.0, 0.0, 1.0]], "COLMAP_transform_matrix": {"x_pos": 8.566991560599035e-09, "y_pos": -3.725290298461914e-09, "z_pos": 0.5547837615013123, "w_rotation": 0.044455159455537796, "x_rotation": 0.31664401292800903, "y_rotation": 0.9383000135421753, "z_rotation": -0.13173241913318634}, "light_transform_matrix": [[-0.794794499874115, -0.5832067131996155, 0.1678442806005478, 0.09921753406524658], [0.6068770885467529, -0.764427661895752, 0.21760180592536926, 0.13026264309883118], [0.0013979952782392502, 0.27480965852737427, 0.9614976644515991, 0.5239425301551819], [0.0, 0.0, 0.0, 0.9999999403953552]], "light_COLMAP_transform_matrix": {"x_pos": -0.0009283145191147923, "y_pos": -0.01345626637339592, "z_pos": 0.5487679839134216, "w_rotation": 0.04509860649704933, "x_rotation": 0.31712594628334045, "y_rotation": 0.938179075717926, "z_rotation": -0.1312146782875061}}, {"file_path": "C:\\Users\\maria\\OneDrive\\Documentos\\Guillem\\Blender\\hotdog\\train/r_31", "rotation": 0.06283185307179587, "transform_matrix": [[0.030800621956586838, 0.0202264711