{
  "camera_angle_x": 0.6943697973466972,
  "camera_angle_y": 0.6942448721721546,
  "fl_x": 1105.456212740119,
  "fl_y": 1105.6720634620717,
  "k1": -0.03929290954354018,
  "k2": 0.14054213739810212,
  "p1": 0.0014832292232453467,
  "p2": -0.00016149528508035258,
  "cx": 403.01552479849346,
  "cy": 404.3022602715429,
  "w": 800.0,
  "h": 800.0,
  "aabb_scale": 16,
  "frames": [
    {
      "file_path": "./lego_nvidia/images/r_61.png",
      "sharpness": 489.4036875,
      "transform_matrix": [
        [
          0.8367248643560268,
          -0.33263457995482626,
          0.4350238357258628,
          0.9951091452961178
        ],
        [
          0.5323649739840649,
          0.6802929087502994,
          -0.5037748433372691,
          -2.5925321061739433
        ],
        [
          -0.12837069717635868,
          0.6531123904460023,
          0.7463009913003124,
          0.8306191663902187
        ],
        [
          0.0,
          0.0,
          0.0,
          1.0
        ]
      ]
    },
    {
      "file_path": "./lego_nvidia/images/r_60.png",
      "sharpness": 478.0612625,
      "transform_matrix": [
        [
          0.23593598023907392,
          -0.112749460525268,
          0.9652055596829444,
          3.055085491974334
        ],
        [
          0.9657405112802856,
          0.13766486028370484,
          -0.2199855702441591,
          -1.477683350226933
        ],
        [
          -0.10807163415043532,
          0.9840406218527882,
          0.1413668154097598,
          -1.526347266349127
        ],
        [
          0.0,
          0.0,
          0.0,
          1.0
        ]
      ]
    },
    {
      "file_path": "./lego_nvidia/images/r_6.png",
      "sharpness": 1000.994878125,
      "transform_matrix": [
        [
          -0.15274454397372927,
          0.7416977837058141,
          -0.6531106353406891,
          -3.2632261281597246
        ],
        [
          -0.9832610853190855,
          -0.04763075720103753,
          0.17586628177702796,
          0.047960851818057454
        ],
        [
          0.09933147732527615,
          0.6690408871489111,
          0.7365579060731349,
          0.7953974498836474
        ],
        [
          0.0,
          0.0,
          0.0,
          1.0
        ]
      ]
    },
    {
      "file_path": "./lego_nvidia/images/r_59.png",
      "sharpness": 850.912615625,
      "transform_matrix": [
        [
          -0.7744597680410755,
          -0.296835766268783,
          0.5586596420114537,
          1.812985524957894
        ],
        [
          0.6325567624768779,
          -0.3505548953198331,
          0.6906397089746277,
          1.5036004330053303
        ],
        [
          -0.009165694904392235,
          0.8882566032897031,
          0.45925613421338596,
          -0.27917773107475125
        ],
        [
          0.0,
          0.0,
          0.0,
          1.0
        ]
      ]
    },
    {
      "file_path": "./lego_nvidia/images/r_58.png",
      "sharpness": 760.76695,
      "transform_matrix": [
        [
          -0.22111225841477256,
          -0.7103230856651731,
          0.6682443289791569,
          1.8968561137904394
        ],
        [
          0.9734223720235434,
          -0.1188352436926763,
          0.19577300759054497,
          0.1450650064706134
        ],
        [
          -0.059651109161180195,
          0.6937717916511699,
          0.717720312063433,
          0.7183726144006369
        ],
        [
          0.0,
          0.0,
          0.0,
          1.0
        ]
      ]
    },
    {
      "file_path": "./lego_nvidia/images/r_57.png",
      "sharpness": 505.664253125,
      "transform_matrix": [
        [
          0.9257624209819991,
          -0.2836422550327644,
          0.25002202127103457,
          0.275489667689983
        ],
        [
          0.35804307331116214,
          0.8701605641410176,
          -0.3385642483608844,
          -1.954156674386316
        ],
        [
          -0.12152817619832666,
          0.40294871111187325,
          0.9071180952150901,
          1.4595060570715155
        ],
        [
          0.0,
          0.0,
          0.0,
          1.0
        ]
      ]
    },
    {
      "file_path": "./lego_nvidia/images/r_56.png",
      "sharpness": 644.066871875,
      "transform_matrix": [
        [
          0.04122694649901104,
          -0.9586955862842531,
          0.2814304741573622,
          0.39805563456925724
        ],
        [
          0.9952431355270128,
          0.06428697127311167,
          0.07320031769997587,
          -0.33381245491719397
        ],
        [
          -0.08826913430110449,
          0.2770739219516994,
          0.9567855568347078,
          1.6540649753139995
        ],
        [
          0.0,
          0.0,
          0.0,
          1.0
        ]
      ]
    },
    {
      "file_path": "./lego_nvidia/images/r_55.png",
      "sharpness": 553.272015625,
      "transform_matrix": [
        [
          -0.5953364244148585,
          0.2721706082145565,
          -0.7559746701127146,
          -3.6587897346680367
        ],
        [
          -0.7937762699614893,
          -0.053469929336304706,
          0.6058549330518672,
          1.7229092713398824
        ],
        [
          0.12447399342755296,
          0.96076226338464,
          0.2478751667264915,
          -1.1098431745898496
        ],
        [
          0.0,
          0.0,
          0.0,
          1.0
        ]
      ]
    },
    {
      "file_path": "./lego_nvidia/images/r_54.png",
      "sharpness": 681.274790625,
      "transform_matrix": [
        [
          -0.2536684917241998,
          -0.3974949026370577,
          0.8818447135107764,
          2.724095014670525
        ],
        [
          0.9655813262474936,
          -0.04987424949993764,
          0.2552748746732362,
          0.3762384712593638
        ],
        [
          -0.05748911819208766,
          0.9162479804495205,
          0.3964651809114342,
          -0.5328967096522857
        ],
        [
          0.0,
          0.0,
          0.0,
          1.0
        ]
      ]
    },
    {
      "file_path": "./lego_nvidia/images/r_53.png",
      "sharpness": 618.9886875,
      "transform_matrix": [
        [
          -0.6950236551370338,
          -0.024073819807054364,
          0.7185837251586153,
          2.0801573583397515
        ],
        [
          0.7189480352035317,
          -0.03365777409439828,
          0.6942484259402242,
          2.0813343326046283
        ],
        [
          0.007472717181883801,
          0.9991434359021283,
          0.04070077462499083,
          -1.9166876718578452
        ],
        [
          0.0,
          0.0,
          0.0,
          1.0
        ]
      ]
    },
    {
      "file_path": "./lego_nvidia/images/r_52.png",
      "sharpness": 703.92833125,
      "transform_matrix": [
        [
          -0.9171675997024822,
          -0.0696389541896118,
          0.39236973657297053,
          0.8082273030590305
        ],
        [
          0.39395355500226553,
          -0.30678102511081645,
          0.8664213750442221,
          2.752460444619055
        ],
        [
          0.060034911562711915,
          0.9492290654784575,
          0.3088041300047919,
          -0.8716545071127033
        ],
        [
          0.0,
          0.0,
          0.0,
          1.0
        ]
      ]
    },
    {
      "file_path": "./lego_nvidia/images/r_51.png",
      "sharpness": 441.947796875,
      "transform_matrix": [
        [
          0.42994191416015726,
          -0.14485325817634537,
          0.8911607509910738,
          2.76807529492323
        ],
        [
          0.8947134677131017,
          0.2006255711355217,
          -0.39904534942764247,
          -2.177271360303986
        ],
        [
          -0.12098661561643231,
          0.9688998471786652,
          0.21585950301598017,
          -1.2360661304735172
        ],
        [
          0.0,
          0.0,
          0.0,
          1.0
        ]
      ]
    },
    {
      "file_path": "./lego_nvidia/images/r_50.png",
      "sharpness": 622.925140625,
      "transform_matrix": [
        [
          0.9761838457524394,
          -0.04563726742377369,
          0.21209040331199866,
          0.12493272702102619
        ],
        [
          0.18577061150177646,
          0.6807613116891692,
          -0.7085572075774721,
          -3.3926374397411165
        ],
        [
          -0.11204632638810566,
          0.7310822637455145,
          0.6730262583607929,
          0.5440317911656156
        ],
        [
          0.0,
          0.0,
          0.0,
          1.0
        ]
      ]
    },
    {
      "file_path": "./lego_nvidia/images/r_5.png",
      "sharpness": 760.5336875,
      "transform_matrix": [
        [
          -0.42508131242079716,
          -0.5505933493773014,
          0.7184377784575887,
          2.088499393348877
        ],
        [
          0.9045293515415498,
          -0.22888238509065062,
          0.3597770226063993,
          0.7842777338214494
        ],
        [
          -0.033653083633249106,
          0.8027825468195694,
          0.5953214699196765,
          0.2424800840906139
        ],
        [
          0.0,
          0.0,
          0.0,
          1.0
        ]
      ]
    },
    {
      "file_path": "./lego_nvidia/images/r_49.png",
      "sharpness": 800.60781875,
      "transform_matrix": [
        [
          0.17989317236704055,
          0.9425235927426788,
          -0.28158075879245226,
          -1.8189906233732065
        ],
        [
          -0.9813663896750415,
          0.19160613783011018,
          0.014390870803780561,
          -0.5839436399645325
        ],
        [
          0.06751633693216859,
          0.27374507325609093,
          0.9594296113726865,
          1.6687256296765867
        ],
        [
          0.0,
          0.0,
          0.0,
          1.0
        ]
      ]
    },
    {
      "file_path": "./lego_nvidia/images/r_48.png",
      "sharpness": 453.489346875,
      "transform_matrix": [
        [
          -0.8329343455192445,
          0.5507062758665189,
          -0.05424918283840389,
          -0.9401054493996605
        ],
        [
          -0.5372763266079517,
          -0.7813397564880701,
          0.3175568197950027,
          0.6136740660289058
        ],
        [
          0.13249349029668578,
          0.2936507835380243,
          0.9466861636360654,
          1.617277641819278
        ],
        [
          0.0,
          0.0,
          0.0,
          1.0
        ]
      ]
    },
    {
      "file_path": "./lego_nvidia/images/r_47.png",
      "sharpness": 612.979521875,
      "transform_matrix": [
        [
          0.9834791442864034,
          -0.12300013074928001,
          0.13281468537899557,
          -0.18260160747486087
        ],
        [
          0.14512906479517987,
          0.9742803278917438,
          -0.17238154551842336,
          -1.3113250262877625
        ],
        [
          -0.10819578258235743,
          0.18880892595734644,
          0.9760352771153763,
          1.7309108644325724
        ],
        [
          0.0,
          0.0,
          0.0,
          1.0
        ]
      ]
    },
    {
      "file_path": "./lego_nvidia/images/r_46.png",
      "sharpness": 427.841234375,
      "transform_matrix": [
        [
          -0.8392565906911219,
          0.45385781550755233,
          -0.2994352323077655,
          -1.891262590635446
        ],
        [
          -0.5272971025711011,
          -0.544963699486463,
          0.6518990196822184,
          1.9092216189644864
        ],
        [
          0.13268813304945826,
          0.7050018791369722,
          0.6966822875778115,
          0.6389028696669643
        ],
        [
          0.0,
          0.0,
          0.0,
          1.0
        ]
      ]
    },
    {
      "file_path": "./lego_nvidia/images/r_45.png",
      "sharpness": 691.076109375,
      "transform_matrix": [
        [
          0.031022627976237074,
          -0.5527231672507645,
          0.8327873059795695,
          2.536056358023497
        ],
        [
          0.9956433028722445,
          0.09038773800966407,
          0.022901315762014422,
          -0.529745881656792
        ],
        [
          -0.08793184861284573,
          0.8284486449165258,
          0.5531191849854465,
          0.07589709499253303
        ],
        [
          0.0,
          0.0,
          0.0,
          1.0
        ]
      ]
    },
    {
      "file_path": "./lego_nvidia/images/r_44.png",
      "sharpness": 754.25748125,
      "transform_matrix": [
        [
          -0.8791844542435531,
          -0.34317580550279286,
          0.3305526614579784,
          0.5716013700168244
        ],
        [
          0.4738416760347501,
          -0.7026310718933764,
          0.5308329707761485,
          1.4536704323779508
        ],
        [
          0.05008753850388236,
          0.6233297228293078,
          0.7803533143311594,
          0.9681203588893726
        ],
        [
          0.0,
          0.0,
          0.0,
          1.0
        ]
      ]
    },
    {
      "file_path": "./lego_nvidia/images/r_43.png",
      "sharpness": 975.766375,
      "transform_matrix": [
        [
          -0.08202501565438274,
          0.8504258566239892,
          -0.5196611966033544,
          -2.7453765655676676
        ],
        [
          -0.9922646351620715,
          -0.02093464897021465,
          0.1223627160521617,
          -0.16037016557756548
        ],
        [
          0.09318149288316466,
          0.5256782313552044,
          0.8455646672648958,
          1.2213601897362385
        ],
        [
          0.0,
          0.0,
          0.0,
          1.0
        ]
      ]
    },
    {
      "file_path": "./lego_nvidia/images/r_42.png",
      "sharpness": 267.858803125,
      "transform_matrix": [
        [
          0.8988039559354496,
          0.02570837559345845,
          0.43759630743655714,
          1.0033350617761767
        ],
        [
          0.4202640054553201,
          0.23326063826358437,
          -0.8769079999384218,
          -4.043433382222638
        ],
        [
          -0.12461787419776445,
          0.9720743562718417,
          0.19885127953468096,
          -1.30201162092136
        ],
        [
          0.0,
          0.0,
          0.0,
          1.0
        ]
      ]
    },
    {
      "file_path": "./lego_nvidia/images/r_41.png",
      "sharpness": 249.393778125,
      "transform_matrix": [
        [
          0.7807270889834177,
          -0.027604976742026586,
          0.6242621066903932,
          1.7304244334830736
        ],
        [
          0.6110845522317797,
          0.24243311483308247,
          -0.7535262801366002,
          -3.561159322960023
        ],
        [
          -0.13054073155953763,
          0.9697753091057176,
          0.2061430748685852,
          -1.2741928808268612
        ],
        [
          0.0,
          0.0,
          0.0,
          1.0
        ]
      ]
    },
    {
      "file_path": "./lego_nvidia/images/r_40.png",
      "sharpness": 596.518815625,
      "transform_matrix": [
        [
          -0.10871390540583772,
          -0.2924883458112749,
          0.9500693945175649,
          2.9873106867103076
        ],
        [
          0.99126668676909,
          0.03986777706474718,
          0.12570169471504308,
          -0.12912339380962481
        ],
        [
          -0.07464343556954246,
          0.9554376630527466,
          0.2855997717263564,
          -0.965489849016426
        ],
        [
          0.0,
          0.0,
          0.0,
          1.0
        ]
      ]
    },
    {
      "file_path": "./lego_nvidia/images/r_4.png",
      "sharpness": 718.0694625,
      "transform_matrix": [
        [
          -0.9611015373371282,
          -0.012722570907481091,
          0.2759021043426272,
          0.7064819086986659
        ],
        [
          0.2718353826670055,
          -0.2203652821112435,
          0.9367735410283543,
          2.4496193108855286
        ],
        [
          0.04888107725856344,
          0.9753344445317071,
          0.2152518563439894,
          -1.2328967493727188
        ],
        [
          0.0,
          0.0,
          0.0,
          1.0
        ]
      ]
    },
    {
      "file_path": "./lego_nvidia/images/r_39.png",
      "sharpness": 510.288440625,
      "transform_matrix": [
        [
          0.7939745584650065,
          -0.503930322876628,
          0.3400862100390621,
          0.6273345289027784
        ],
        [
          0.5940789720682758,
          0.7619255071981609,
          -0.2579528957534946,
          -1.63672102785195
        ],
        [
          -0.1291300720310929,
          0.4068461025852525,
          0.9043238763694674,
          1.4478132876032577
        ],
        [
          0.0,
          0.0,
          0.0,
          1.0
        ]
      ]
    },
    {
      "file_path": "./lego_nvidia/images/r_38.png",
      "sharpness": 510.58769375,
      "transform_matrix": [
        [
          0.39533595223021706,
          -0.2586036261645998,
          0.8813816707146371,
          2.7299817253296115
        ],
        [
          0.9108913464354538,
          0.23392083644001727,
          -0.3399382256656283,
          -1.9465301240902084
        ],
        [
          -0.11826427980737625,
          0.9372327389037572,
          0.3280371218506662,
          -0.7991599311508534
        ],
        [
          0.0,
          0.0,
          0.0,
          1.0
        ]
      ]
    },
    {
      "file_path": "./lego_nvidia/images/r_37.png",
      "sharpness": 805.53624375,
      "transform_matrix": [
        [
          0.8621183252242672,
          0.5060022152711414,
          -0.026716128390528338,
          -0.8143637859514413
        ],
        [
          -0.5051075319682822,
          0.854015591037995,
          -0.12459434743767972,
          -1.129801650404693
        ],
        [
          -0.04022902563604399,
          0.12090958782047082,
          0.9918480211871792,
          1.7935782251201784
        ],
        [
          0.0,
          0.0,
          0.0,
          1.0
        ]
      ]
    },
    {
      "file_path": "./lego_nvidia/images/r_36.png",
      "sharpness": 976.664659375,
      "transform_matrix": [
        [
          -0.30277983195556546,
          0.7653838488572081,
          -0.5679013447179566,
          -2.933990121951244
        ],
        [
          -0.9465737643176712,
          -0.17209799951779955,
          0.27272767968787603,
          0.42736742926927895
        ],
        [
          0.11100667581997374,
          0.6201369546562702,
          0.7766000743346033,
          0.9524526991807392
        ],
        [
          0.0,
          0.0,
          0.0,
          1.0
        ]
      ]
    },
    {
      "file_path": "./lego_nvidia/images/r_35.png",
      "sharpness": 617.3673875,
      "transform_matrix": [
        [
          -0.15196797662411432,
          -0.3077457819659632,
          0.939254101841407,
          2.9443957927494107
        ],
        [
          0.9859302835034394,
          0.019739023164050132,
          0.16598749060047818,
          0.02766140896600989
        ],
        [
          -0.06962190856458876,
          0.9512638460017357,
          0.30041618664991254,
          -0.908016430193654
        ],
        [
          0.0,
          0.0,
          0.0,
          1.0
        ]
      ]
    },
    {
      "file_path": "./lego_nvidia/images/r_2.png",
      "sharpness": 686.67869375,
      "transform_matrix": [
        [
          -0.8492361172209901,
          -0.0872738588209322,
          0.5207506993148431,
          1.3084540120718862
        ],
        [
          0.5263870313608702,
          -0.21728116858497273,
          0.8220131306700194,
          2.578552926644651
        ],
        [
          0.04140906257352322,
          0.972199654086315,
          0.2304628434144999,
          -1.1774686544738961
        ],
        [
          0.0,
          0.0,
          0.0,
          1.0
        ]
      ]
    },
    {
      "file_path": "./lego_nvidia/images/r_19.png",
      "sharpness": 747.06998125,
      "transform_matrix": [
        [
          -0.03952213274512747,
          0.398333440102176,
          -0.9163888211794268,
          -4.279434785154931
        ],
        [
          -0.9954276875309382,
          0.06411662179558468,
          0.07080097249909124,
          -0.3624124473449659
        ],
        [
          0.08695815040340557,
          0.9149970105794331,
          0.39397810950937867,
          -0.5412156068766197
        ],
        [
          0.0,
          0.0,
          0.0,
          1.0
        ]
      ]
    },
    {
      "file_path": "./lego_nvidia/images/r_18.png",
      "sharpness": 600.851525,
      "transform_matrix": [
        [
          0.6127383479701333,
          0.7851552297432055,
          -0.08990540693808975,
          -1.06675933409963
        ],
        [
          -0.7902411933252889,
          0.6099353034721138,
          -0.059142048921992485,
          -0.8743145989657718
        ],
        [
          0.008400792655736776,
          0.10728555741718222,
          0.994192755916027,
          1.801832821009045
        ],
        [
          0.0,
          0.0,
          0.0,
          1.0
        ]
      ]
    },
    {
      "file_path": "./lego_nvidia/images/r_17.png",
      "sharpness": 779.97670625,
      "transform_matrix": [
        [
          0.26466817838509527,
          0.35356395189514056,
          -0.8971863169562851,
          -4.200733712941364
        ],
        [
          -0.9628245484980147,
          0.14901507319323906,
          -0.22530733847634532,
          -1.51530888605633
        ],
        [
          0.05403373170654066,
          0.9234646933933607,
          0.3798596003225889,
          -0.5968518951934398
        ],
        [
          0.0,
          0.0,
          0.0,
          1.0
        ]
      ]
    },
    {
      "file_path": "./lego_nvidia/images/r_16.png",
      "sharpness": 695.979090625,
      "transform_matrix": [
        [
          -0.6376294506216159,
          -0.38078056283812806,
          0.6696527807211976,
          1.8952863252245222
        ],
        [
          0.7703415428283005,
          -0.3133630185127563,
          0.5553175001942359,
          1.545303166982927
        ],
        [
          -0.001609693555568083,
          0.8699481488294485,
          0.4931405755951722,
          -0.15440299279476488
        ],
        [
          0.0,
          0.0,
          0.0,
          1.0
        ]
      ]
    },
    {
      "file_path": "./lego_nvidia/images/r_15.png",
      "sharpness": 765.828028125,
      "transform_matrix": [
        [
          -0.971148670880586,
          -0.028271459538287896,
          0.23679312423595367,
          0.5551436194261434
        ],
        [
          0.23257458638809744,
          -0.33179167418224936,
          0.9142337483982049,
          2.362532635795116
        ],
        [
          0.05271926469871538,
          0.9429289525598155,
          0.3287942664000411,
          -0.7928782279160984
        ],
        [
          0.0,
          0.0,
          0.0,
          1.0
        ]
      ]
    },
    {
      "file_path": "./lego_nvidia/images/r_14.png",
      "sharpness": 632.83185625,
      "transform_matrix": [
        [
          -0.4781494343163444,
          -0.7145694372229429,
          0.5106502109201799,
          1.2829793600971477
        ],
        [
          0.8778919429083278,
          -0.37160392764122,
          0.30202029325650875,
          0.5624665500234516
        ],
        [
          -0.026054846953455384,
          0.5927065381839203,
          0.8049969593779408,
          1.063863162714122
        ],
        [
          0.0,
          0.0,
          0.0,
          1.0
        ]
      ]
    },
    {
      "file_path": "./lego_nvidia/images/r_13.png",
      "sharpness": 626.1286625,
      "transform_matrix": [
        [
          -0.42668211343609713,
          0.25714824645830986,
          -0.8670739031248135,
          -4.088694130586034
        ],
        [
          -0.8969533817350668,
          0.002470226624259644,
          0.44211822963426706,
          1.0834532732065247
        ],
        [
          0.11583179651840367,
          0.9663688102310009,
          0.22959598775131865,
          -1.1812440983404033
        ],
        [
          0.0,
          0.0,
          0.0,
          1.0
        ]
      ]
    },
    {
      "file_path": "./lego_nvidia/images/r_12.png",
      "sharpness": 607.75940625,
      "transform_matrix": [
        [
          0.6893340275648652,
          -0.5691460123653562,
          0.44820911984562806,
          1.0479181482787314
        ],
        [
          0.7127208571077348,
          0.6436504772276238,
          -0.2788243945725611,
          -1.7153177375870023
        ],
        [
          -0.12979822156525403,
          0.5116511309539183,
          0.8493324095638517,
          1.2333112730230011
        ],
        [
          0.0,
          0.0,
          0.0,
          1.0
        ]
      ]
    },
    {
      "file_path": "./lego_nvidia/images/r_11.png",
      "sharpness": 465.8422375,
      "transform_matrix": [
        [
          0.9368413992493654,
          -0.21097379331659935,
          0.27895922865012635,
          0.3870726464827441
        ],
        [
          0.3282363053624947,
          0.80578140574029,
          -0.49292722992919413,
          -2.553657268870823
        ],
        [
          -0.12078543187872008,
          0.5533591823738688,
          0.8241386380894051,
          1.1341236184262828
        ],
        [
          0.0,
          0.0,
          0.0,
          1.0
        ]
      ]
    },
    {
      "file_path": "./lego_nvidia/images/r_10.png",
      "sharpness": 607.115478125,
      "transform_matrix": [
        [
          -0.8924305871943319,
          0.0010364843902961043,
          0.45118352452529337,
          1.0354632720246226
        ],
        [
          0.4481829179003114,
          -0.11312406418156308,
          0.8867553316478539,
          2.8261437148193016
        ],
        [
          0.05195882204532807,
          0.9935803298504916,
          0.10049084042496072,
          -1.6831598865966841
        ],
        [
          0.0,
          0.0,
          0.0,
          1.0
        ]
      ]
    },
    {
      "file_path": "./lego_nvidia/images/r_73.png",
      "sharpness": 915.429371875,
      "transform_matrix": [
        [
          -0.13985200128672956,
          0.6180728491059001,
          -0.773580875537386,
          -3.7309108413052665
        ],
        [
          -0.9853353475499734,
          -0.009741728635012508,
          0.17035067241505553,
          0.02621853441278303
        ],
        [
          0.09775311047995867,
          0.786060463313429,
          0.6103714258305634,
          0.3040602960010085
        ],
        [
          0.0,
          0.0,
          0.0,
          1.0
        ]
      ]
    },
    {
      "file_path": "./lego_nvidia/images/r_74.png",
      "sharpness": 754.39591875,
      "transform_matrix": [
        [
          -0.9812791865927347,
          -0.002565467861474736,
          0.19257356100339973,
          0.38315736399797984
        ],
        [
          0.18348596906641998,
          -0.31625980390000485,
          0.9307591716407495,
          2.4257133620944753
        ],
        [
          0.05851544389764359,
          0.9486691493186427,
          0.31080989047964613,
          -0.8622884947248803
        ],
        [
          0.0,
          0.0,
          0.0,
          1.0
        ]
      ]
    },
    {
      "file_path": "./lego_nvidia/images/r_20.png",
      "sharpness": 774.120590625,
      "transform_matrix": [
        [
          -0.4227017786664262,
          0.5174448930334178,
          -0.7440255298367464,
          -3.6174661606401406
        ],
        [
          -0.8986599426445875,
          -0.1331593654898328,
          0.4179460382260585,
          0.993269684067629
        ],
        [
          0.11719007558232579,
          0.8452924737139412,
          0.5212936985337917,
          -0.04342308904912978
        ],
        [
          0.0,
          0.0,
          0.0,
          1.0
        ]
      ]
    },
    {
      "file_path": "./lego_nvidia/images/r_75.png",
      "sharpness": 287.417896875,
      "transform_matrix": [
        [
          0.7185307656424219,
          -0.02333718331468974,
          0.695103528090046,
          2.0081757505356435
        ],
        [
          0.683065750863005,
          0.21178399788231186,
          -0.6989769082304731,
          -3.3499068117758966
        ],
        [
          -0.13089965188090008,
          0.9770378263795657,
          0.1681141487930667,
          -1.4225272093654817
        ],
        [
          0.0,
          0.0,
          0.0,
          1.0
        ]
      ]
    },
    {
      "file_path": "./lego_nvidia/images/r_21.png",
      "sharpness": 642.13028125,
      "transform_matrix": [
        [
          -0.9869345771124097,
          0.1576395355742973,
          0.03331542265748116,
          -0.5944042657397329
        ],
        [
          -0.11588128625377336,
          -0.8381423285050013,
          0.5329999668526002,
          1.4578541537887428
        ],
        [
          0.11194493315702918,
          0.5221754628569624,
          0.8454591166898908,
          1.2232732870857888
        ],
        [
          0.0,
          0.0,
          0.0,
          1.0
        ]
      ]
    },
    {
      "file_path": "./lego_nvidia/images/r_76.png",
      "sharpness": 428.942484375,
      "transform_matrix": [
        [
          -0.8756543916608024,
          0.2825462092194263,
          -0.39165932400985864,
          -2.250087205112917
        ],
        [
          -0.4644775674061509,
          -0.27063867331904484,
          0.843217230540896,
          2.6522718940904313
        ],
        [
          0.13224967219477127,
          0.920283841115232,
          0.3682223187831436,
          -0.6407181663099719
        ],
        [
          0.0,
          0.0,
          0.0,
          1.0
        ]
      ]
    },
    {
      "file_path": "./lego_nvidia/images/r_22.png",
      "sharpness": 896.09773125,
      "transform_matrix": [
        [
          -0.8770136102545317,
          -0.22472654905568495,
          0.42467058485467607,
          1.2890444154935103
        ],
        [
          0.48013192214533257,
          -0.44284982547841667,
          0.7572036512136292,
          1.7600071760305782
        ],
        [
          0.017901530919107015,
          0.8679758120336364,
          0.496283714198609,
          -0.1380171993111003
        ],
        [
          0.0,
          0.0,
          0.0,
          1.0
        ]
      ]
    },
    {
      "file_path": "./lego_nvidia/images/r_77.png",
      "sharpness": 796.9912125,
      "transform_matrix": [
        [
          0.7629352323772421,
          0.6195504477127116,
          -0.18462685070010876,
          -1.4304456050657348
        ],
        [
          -0.64620352519131,
          0.7225789178226071,
          -0.2455620319779122,
          -1.599743704614874
        ],
        [
          -0.01873059687327813,
          0.3066544476974763,
          0.9516365979256953,
          1.6358793114232688
        ],
        [
          0.0,
          0.0,
          0.0,
          1.0
        ]
      ]
    },
    {
      "file_path": "./lego_nvidia/images/r_23.png",
      "sharpness": 696.867453125,
      "transform_matrix": [
        [
          -0.07575931223733216,
          -0.5153177191975478,
          0.8536440563568293,
          2.6152888650955832
        ],
        [
          0.9941387432224812,
          0.027184355341388976,
          0.10463828194874977,
          -0.21130208604170825
        ],
        [
          -0.07712772415764839,
          0.8565679536200523,
          0.5102378416590466,
          -0.09134500360232242
        ],
        [
          0.0,
          0.0,
          0.0,
          1.0
        ]
      ]
    },
    {
      "file_path": "./lego_nvidia/images/r_78.png",
      "sharpness": 516.499353125,
      "transform_matrix": [
        [
          0.16718449943639732,
          -0.14628991172493977,
          0.9750121050216188,
          3.0909942595963393
        ],
        [
          0.9805607750203477,
          0.12769737576421353,
          -0.1489763293779101,
          -1.2005361802146308
        ],
        [
          -0.10271275307580244,
          0.980965158409137,
          0.1647951710651466,
          -1.4350622605870298
        ],
        [
          0.0,
          0.0,
          0.0,
          1.0
        ]
      ]
    },
    {
      "file_path": "./lego_nvidia/images/r_24.png",
      "sharpness": 760.4596375,
      "transform_matrix": [
        [
          -0.9872362047005582,
          0.014813138063033016,
          0.15857252956341664,
          -0.1041117423692111
        ],
        [
          0.13059190552072864,
          -0.49462231380432703,
          0.8592406652968687,
          2.723064463836305
        ],
        [
          0.09116156208287715,
          0.8689817821309921,
          0.48637457991399946,
          -0.18076798564905167
        ],
        [
          0.0,
          0.0,
          0.0,
          1.0
        ]
      ]
    },
    {
      "file_path": "./lego_nvidia/images/r_79.png",
      "sharpness": 483.054578125,
      "transform_matrix": [
        [
          0.8600426878574162,
          -0.39158837268283586,
          0.327085801442951,
          0.5761138444168163
        ],
        [
          0.4941593958635383,
          0.7988791648551165,
          -0.3429264811015066,
          -1.9687239932491345
        ],
        [
          -0.127016009208321,
          0.456563934580615,
          0.8805772578874184,
          1.3551021574239017
        ],
        [
          0.0,
          0.0,
          0.0,
          1.0
        ]
      ]
    },
    {
      "file_path": "./lego_nvidia/images/r_25.png",
      "sharpness": 817.848875,
      "transform_matrix": [
        [
          -0.697286732702816,
          -0.23040713570654206,
          0.6787516219318495,
          2.2826325702712995
        ],
        [
          0.7163518652546268,
          -0.19080900469347864,
          0.6711422568089334,
          1.4275034151441213
        ],
        [
          -0.025124043628070258,
          0.9542035818445792,
          0.2981011688843493,
          -0.9086766964943778
        ],
        [
          0.0,
          0.0,
          0.0,
          1.0
        ]
      ]
    },
    {
      "file_path": "./lego_nvidia/images/r_8.png",
      "sharpness": 714.61274375,
      "transform_matrix": [
        [
          -0.6599459288244528,
          -0.15607648699394067,
          0.7349227859432841,
          2.146373773280982
        ],
        [
          0.7513115830757793,
          -0.13906003387680083,
          0.6451303838099993,
          1.8920572171716301
        ],
        [
          0.0015087035519887248,
          0.9779071721018764,
          0.20903417574350894,
          -1.2613835128130406
        ],
        [
          0.0,
          0.0,
          0.0,
          1.0
        ]
      ]
    },
    {
      "file_path": "./lego_nvidia/images/r_26.png",
      "sharpness": 379.983578125,
      "transform_matrix": [
        [
          0.9379442610430074,
          0.035401696764195405,
          0.34497432238600045,
          0.6440721018805504
        ],
        [
          0.32520604934317615,
          0.2556472075155213,
          -0.9104315080007979,
          -4.179965247041211
        ],
        [
          -0.12042254235335353,
          0.9661217445100697,
          0.22826998519612499,
          -1.1871709232142034
        ],
        [
          0.0,
          0.0,
          0.0,
          1.0
        ]
      ]
    },
    {
      "file_path": "./lego_nvidia/images/r_80.png",
      "sharpness": 899.708009375,
      "transform_matrix": [
        [
          0.15996719454058025,
          0.7880285886308234,
          -0.5944925905629991,
          -3.0327568650190284
        ],
        [
          -0.9847735689639552,
          0.16892021335763055,
          -0.041072854657217196,
          -0.7988546838069144
        ],
        [
          0.06805523155086647,
          0.5920108994626407,
          0.8030514183036215,
          1.0541534026455057
        ],
        [
          0.0,
          0.0,
          0.0,
          1.0
        ]
      ]
    },
    {
      "file_path": "./lego_nvidia/images/r_27.png",
      "sharpness": 555.14801875,
      "transform_matrix": [
        [
          0.7586975090008122,
          -0.35290255662035236,
          0.5475745386974809,
          1.432736455974008
        ],
        [
          0.6383176788627455,
          0.5706047483418567,
          -0.5166824576289487,
          -2.6405160861364365
        ],
        [
          -0.13011007159374155,
          0.7415322020932157,
          0.6581803419976341,
          0.4868131456777182
        ],
        [
          0.0,
          0.0,
          0.0,
          1.0
        ]
      ]
    },
    {
      "file_path": "./lego_nvidia/images/r_81.png",
      "sharpness": 440.7517,
      "transform_matrix": [
        [
          0.5149849973728775,
          -0.1775402971156472,
          0.8386118860616767,
          2.5648716959897646
        ],
        [
          0.8480970109649806,
          0.24771976944630225,
          -0.46836564329402236,
          -2.4480032096318527
        ],
        [
          -0.12458696760094538,
          0.9524255135099313,
          0.2781433601271288,
          -0.9937682701520625
        ],
        [
          0.0,
          0.0,
          0.0,
          1.0
        ]
      ]
    },
    {
      "file_path": "./lego_nvidia/images/r_28.png",
      "sharpness": 869.982921875,
      "transform_matrix": [
        [
          -0.33245666346236064,
          0.5865204114789895,
          -0.7385569537286671,
          -3.595648537769231
        ],
        [
          -0.9364822496162846,
          -0.11256256572138577,
          0.3321606011439769,
          0.6581227994729895
        ],
        [
          0.11168510681700425,
          0.8020744826875514,
          0.5866881294182079,
          0.21094371159572173
        ],
        [
          0.0,
          0.0,
          0.0,
          1.0
        ]
      ]
    },
    {
      "file_path": "./lego_nvidia/images/r_82.png",
      "sharpness": 581.199425,
      "transform_matrix": [
        [
          0.62190742203757,
          -0.7073129471610543,
          0.33606480514315235,
          0.6129801949389189
        ],
        [
          0.772573810580711,
          0.6242803017961117,
          -0.11577483316611785,
          -1.0800511023483463
        ],
        [
          -0.12790959952401249,
          0.33163609514267955,
          0.934696011980145,
          1.5678345562866232
        ],
        [
          0.0,
          0.0,
          0.0,
          1.0
        ]
      ]
    },
    {
      "file_path": "./lego_nvidia/images/r_29.png",
      "sharpness": 610.564115625,
      "transform_matrix": [
        [
          -0.9901442510103469,
          0.13489693071107486,
          -0.03764545575322715,
          -0.8690363466641512
        ],
        [
          -0.08712334045590474,
          -0.3828258341535383,
          0.9197031609453885,
          2.95484280719457
        ],
        [
          0.10965348057598727,
          0.9139185953043264,
          0.39080547004616406,
          -0.5524363675899392
