{
    "camera_angle_x": 0.942477822303772,
    "frames": [
        {
            "file_path": "C:\\Users\\maria\\OneDrive\\Documentos\\Guillem\\Blender\\lego\\relighting/r_0",
            "rotation": 0.6283185307179586,
            "transform_matrix": [
                [
                    0.01769442856311798,
                    0.2894345819950104,
                    -0.957034170627594,
                    -3.8579282760620117
                ],
                [
                    -0.9998434782028198,
                    0.005122181959450245,
                    -0.01693682372570038,
                    -0.06827452778816223
                ],
                [
                    4.656612873077393e-10,
                    0.9571840763092041,
                    0.2894798815250397,
                    1.1669307947158813
                ],
                [
                    0.0,
                    0.0,
                    0.0,
                    1.0
                ]
            ],
            "COLMAP_transform_matrix": {
                "x_pos": -6.006747810261004e-08,
                "y_pos": 4.2549800127744675e-08,
                "z_pos": 4.031128883361816,
                "w_rotation": 0.4251742362976074,
                "x_rotation": 0.5727775692939758,
                "y_rotation": -0.5627306699752808,
                "z_rotation": 0.417716383934021
            },
            "light_transform_matrix": [
                [
                    -1.0,
                    0.0,
                    0.0,
                    0.0
                ],
                [
                    0.0,
                    -0.12403473258018494,
                    0.9922778606414795,
                    4.0
                ],
                [
                    0.0,
                    0.9922778606414795,
                    0.12403473258018494,
                    0.5
                ],
                [
                    0.0,
                    0.0,
                    0.0,
                    1.0
                ]
            ],
            "light_COLMAP_transform_matrix": {
                "x_pos": 0.0,
                "y_pos": -2.384185791015625e-07,
                "z_pos": 4.031128883361816,
                "w_rotation": 0.0,
                "x_rotation": 0.0,
                "y_rotation": 0.7496781945228577,
                "z_rotation": -0.6618025302886963
            }
        },
        {
            "file_path": "C:\\Users\\maria\\OneDrive\\Documentos\\Guillem\\Blender\\lego\\relighting/r_1",
            "rotation": 0.6283185307179586,
            "transform_matrix": [
                [
                    0.01769442856311798,
                    0.2894345819950104,
                    -0.957034170627594,
                    -3.8579282760620117
                ],
                [
                    -0.9998434782028198,
                    0.005122181959450245,
                    -0.01693682372570038,
                    -0.06827452778816223
                ],
                [
                    4.656612873077393e-10,
                    0.9571840763092041,
                    0.2894798815250397,
                    1.1669307947158813
                ],
                [
                    0.0,
                    0.0,
                    0.0,
                    1.0
                ]
            ],
            "COLMAP_transform_matrix": {
                "x_pos": -6.006747810261004e-08,
                "y_pos": 4.2549800127744675e-08,
                "z_pos": 4.031128883361816,
                "w_rotation": 0.4251742362976074,
                "x_rotation": 0.5727775692939758,
                "y_rotation": -0.5627306699752808,
                "z_rotation": 0.417716383934021
            },
            "light_transform_matrix": [
                [
                    -0.8090170621871948,
                    0.07290579378604889,
                    -0.5832462906837463,
                    -2.3511409759521484
                ],
                [
                    -0.5877853035926819,
                    -0.10034620761871338,
                    0.802769660949707,
                    3.2360680103302
                ],
                [
                    7.450581485102248e-09,
                    0.9922778606414795,
                    0.12403473258018494,
                    0.5
                ],
                [
                    0.0,
                    0.0,
                    0.0,
                    1.0
                ]
            ],
            "light_COLMAP_transform_matrix": {
                "x_pos": -1.2074636401848693e-07,
                "y_pos": -3.8743019104003906e-07,
                "z_pos": 4.031128883361816,
                "w_rotation": 0.2045082300901413,
                "x_rotation": 0.2316633015871048,
                "y_rotation": -0.7129863500595093,
                "z_rotation": 0.6294116377830505
            }
        },
        {
            "file_path": "C:\\Users\\maria\\OneDrive\\Documentos\\Guillem\\Blender\\lego\\relighting/r_2",
            "rotation": 0.6283185307179586,
            "transform_matrix": [
                [
                    0.01769442856311798,
                    0.2894345819950104,
                    -0.957034170627594,
                    -3.8579282760620117
                ],
                [
                    -0.9998434782028198,
                    0.005122181959450245,
                    -0.01693682372570038,
                    -0.06827452778816223
                ],
                [
                    4.656612873077393e-10,
                    0.9571840763092041,
                    0.2894798815250397,
                    1.1669307947158813
                ],
                [
                    0.0,
                    0.0,
                    0.0,
                    1.0
                ]
            ],
            "COLMAP_transform_matrix": {
                "x_pos": -6.006747810261004e-08,
                "y_pos": 4.2549800127744675e-08,
                "z_pos": 4.031128883361816,
                "w_rotation": 0.4251742362976074,
                "x_rotation": 0.5727775692939758,
                "y_rotation": -0.5627306699752808,
                "z_rotation": 0.417716383934021
            },
            "light_transform_matrix": [
                [
                    -0.30901697278022766,
                    0.11796403676271439,
                    -0.9437123537063599,
                    -3.8042261600494385
                ],
                [
                    -0.9510565996170044,
                    -0.03832883760333061,
                    0.3066307008266449,
                    1.2360678911209106
                ],
                [
                    -3.725290742551124e-09,
                    0.9922778606414795,
                    0.12403473258018494,
                    0.5
                ],
                [
                    0.0,
                    0.0,
                    0.0,
                    1.0
                ]
            ],
            "light_COLMAP_transform_matrix": {
                "x_pos": -2.35450769991985e-07,
                "y_pos": -3.390014171600342e-07,
                "z_pos": 4.031129360198975,
                "w_rotation": 0.3889978229999542,
                "x_rotation": 0.4406498372554779,
                "y_rotation": -0.6065024137496948,
                "z_rotation": 0.5354095101356506
            }
        },
        {
            "file_path": "C:\\Users\\maria\\OneDrive\\Documentos\\Guillem\\Blender\\lego\\relighting/r_3",
            "rotation": 0.6283185307179586,
            "transform_matrix": [
                [
                    0.01769442856311798,
                    0.2894345819950104,
                    -0.957034170627594,
                    -3.8579282760620117
                ],
                [
                    -0.9998434782028198,
                    0.005122181959450245,
                    -0.01693682372570038,
                    -0.06827452778816223
                ],
                [
                    4.656612873077393e-10,
                    0.9571840763092041,
                    0.2894798815250397,
                    1.1669307947158813
                ],
                [
                    0.0,
                    0.0,
                    0.0,
                    1.0
                ]
            ],
            "COLMAP_transform_matrix": {
                "x_pos": -6.006747810261004e-08,
                "y_pos": 4.2549800127744675e-08,
                "z_pos": 4.031128883361816,
                "w_rotation": 0.4251742362976074,
                "x_rotation": 0.5727775692939758,
                "y_rotation": -0.5627306699752808,
                "z_rotation": 0.417716383934021
            },
            "light_transform_matrix": [
                [
                    0.30901700258255005,
                    0.11796402931213379,
                    -0.9437122941017151,
                    -3.8042259216308594
                ],
                [
                    -0.9510564804077148,
                    0.03832884505391121,
                    -0.3066307604312897,
                    -1.2360681295394897
                ],
                [
                    3.725290298461914e-09,
                    0.9922778010368347,
                    0.12403473258018494,
                    0.5
                ],
                [
                    0.0,
                    0.0,
                    0.0,
                    1.0
                ]
            ],
            "light_COLMAP_transform_matrix": {
                "x_pos": 1.2866854603998945e-07,
                "y_pos": 1.7881393432617188e-07,
                "z_pos": 4.031128883361816,
                "w_rotation": 0.5354095697402954,
                "x_rotation": 0.6065024137496948,
                "y_rotation": -0.44064974784851074,
                "z_rotation": 0.38899776339530945
            }
        },
        {
            "file_path": "C:\\Users\\maria\\OneDrive\\Documentos\\Guillem\\Blender\\lego\\relighting/r_4",
            "rotation": 0.6283185307179586,
            "transform_matrix": [
                [
                    0.01769442856311798,
                    0.2894345819950104,
                    -0.957034170627594,
                    -3.8579282760620117
                ],
                [
                    -0.9998434782028198,
                    0.005122181959450245,
                    -0.01693682372570038,
                    -0.06827452778816223
                ],
                [
                    4.656612873077393e-10,
                    0.9571840763092041,
                    0.2894798815250397,
                    1.1669307947158813
                ],
                [
                    0.0,
                    0.0,
                    0.0,
                    1.0
                ]
            ],
            "COLMAP_transform_matrix": {
                "x_pos": -6.006747810261004e-08,
                "y_pos": 4.2549800127744675e-08,
                "z_pos": 4.031128883361816,
                "w_rotation": 0.4251742362976074,
                "x_rotation": 0.5727775692939758,
                "y_rotation": -0.5627306699752808,
                "z_rotation": 0.417716383934021
            },
            "light_transform_matrix": [
                [
                    0.8090171217918396,
                    0.0729057788848877,
                    -0.5832462310791016,
                    -2.3511407375335693
                ],
                [
                    -0.5877852439880371,
                    0.10034620761871338,
                    -0.8027697205543518,
                    -3.2360682487487793
                ],
                [
                    -7.450581485102248e-09,
                    0.9922778606414795,
                    0.12403473258018494,
                    0.5
                ],
                [
                    0.0,
                    0.0,
                    0.0,
                    1.0
                ]
            ],
            "light_COLMAP_transform_matrix": {
                "x_pos": 1.3406753041067532e-08,
                "y_pos": -1.6391277313232422e-07,
                "z_pos": 4.031128883361816,
                "w_rotation": 0.6294116377830505,
                "x_rotation": 0.7129863500595093,
                "y_rotation": -0.2316632717847824,
                "z_rotation": 0.2045082002878189
            }
        },
        {
            "file_path": "C:\\Users\\maria\\OneDrive\\Documentos\\Guillem\\Blender\\lego\\relighting/r_5",
            "rotation": 0.6283185307179586,
            "transform_matrix": [
                [
                    0.01769442856311798,
                    0.2894345819950104,
                    -0.957034170627594,
                    -3.8579282760620117
                ],
                [
                    -0.9998434782028198,
                    0.005122181959450245,
                    -0.01693682372570038,
                    -0.06827452778816223
                ],
                [
                    4.656612873077393e-10,
                    0.9571840763092041,
                    0.2894798815250397,
                    1.1669307947158813
                ],
                [
                    0.0,
                    0.0,
                    0.0,
                    1.0
                ]
            ],
            "COLMAP_transform_matrix": {
                "x_pos": -6.006747810261004e-08,
                "y_pos": 4.2549800127744675e-08,
                "z_pos": 4.031128883361816,
                "w_rotation": 0.4251742362976074,
                "x_rotation": 0.5727775692939758,
                "y_rotation": -0.5627306699752808,
                "z_rotation": 0.417716383934021
            },
            "light_transform_matrix": [
                [
                    1.0,
                    -1.0843461240028773e-08,
                    8.674768281480283e-08,
                    3.4969110629390343e-07
                ],
                [
                    8.742277657347586e-08,
                    0.12403473258018494,
                    -0.9922778606414795,
                    -4.0
                ],
                [
                    8.881785255792436e-16,
                    0.9922778606414795,
                    0.12403473258018494,
                    0.5
                ],
                [
                    0.0,
                    0.0,
                    0.0,
                    1.0
                ]
            ],
            "light_COLMAP_transform_matrix": {
                "x_pos": -1.135171321295348e-16,
                "y_pos": -3.5762786865234375e-07,
                "z_pos": 4.031128883361816,
                "w_rotation": 0.6618025302886963,
                "x_rotation": 0.7496782541275024,
                "y_rotation": 3.2769474245242236e-08,
                "z_rotation": -2.8928310413789404e-08
            }
        },
        {
            "file_path": "C:\\Users\\maria\\OneDrive\\Documentos\\Guillem\\Blender\\lego\\relighting/r_6",
            "rotation": 0.6283185307179586,
            "transform_matrix": [
                [
                    0.01769442856311798,
                    0.2894345819950104,
                    -0.957034170627594,
                    -3.8579282760620117
                ],
                [
                    -0.9998434782028198,
                    0.005122181959450245,
                    -0.01693682372570038,
                    -0.06827452778816223
                ],
                [
                    4.656612873077393e-10,
                    0.9571840763092041,
                    0.2894798815250397,
                    1.1669307947158813
                ],
                [
                    0.0,
                    0.0,
                    0.0,
                    1.0
                ]
            ],
            "COLMAP_transform_matrix": {
                "x_pos": -6.006747810261004e-08,
                "y_pos": 4.2549800127744675e-08,
                "z_pos": 4.031128883361816,
                "w_rotation": 0.4251742362976074,
                "x_rotation": 0.5727775692939758,
                "y_rotation": -0.5627306699752808,
                "z_rotation": 0.417716383934021
            },
            "light_transform_matrix": [
                [
                    0.80901700258255,
                    -0.07290580123662949,
                    0.5832464098930359,
                    2.3511414527893066
                ],
                [
                    0.5877854228019714,
                    0.10034619271755219,
                    -0.8027696013450623,
                    -3.236067771911621
                ],
                [
                    3.725290742551124e-09,
                    0.9922778606414795,
                    0.12403473258018494,
                    0.5
                ],
                [
                    0.0,
                    0.0,
                    0.0,
                    1.0
                ]
            ],
            "light_COLMAP_transform_matrix": {
                "x_pos": 3.4888259392573673e-07,
                "y_pos": 1.1920928955078125e-07,
                "z_pos": 4.031129360198975,
                "w_rotation": 0.6294116377830505,
                "x_rotation": 0.7129863500595093,
                "y_rotation": 0.23166337609291077,
                "z_rotation": -0.20450828969478607
            }
        },
        {
            "file_path": "C:\\Users\\maria\\OneDrive\\Documentos\\Guillem\\Blender\\lego\\relighting/r_7",
            "rotation": 0.6283185307179586,
            "transform_matrix": [
                [
                    0.01769442856311798,
                    0.2894345819950104,
                    -0.957034170627594,
                    -3.8579282760620117
                ],
                [
                    -0.9998434782028198,
                    0.005122181959450245,
                    -0.01693682372570038,
                    -0.06827452778816223
                ],
                [
                    4.656612873077393e-10,
                    0.9571840763092041,
                    0.2894798815250397,
                    1.1669307947158813
                ],
                [
                    0.0,
                    0.0,
                    0.0,
                    1.0
                ]
            ],
            "COLMAP_transform_matrix": {
                "x_pos": -6.006747810261004e-08,
                "y_pos": 4.2549800127744675e-08,
                "z_pos": 4.031128883361816,
                "w_rotation": 0.4251742362976074,
                "x_rotation": 0.5727775692939758,
                "y_rotation": -0.5627306699752808,
                "z_rotation": 0.417716383934021
            },
            "light_transform_matrix": [
                [
                    0.3090170919895172,
                    -0.11796403676271439,
                    0.9437122941017151,
                    3.8042259216308594
                ],
                [
                    0.9510565400123596,
                    0.038328856229782104,
                    -0.30663082003593445,
                    -1.2360683679580688
                ],
                [
                    -3.725290742551124e-09,
                    0.9922778606414795,
                    0.12403473258018494,
                    0.5
                ],
                [
                    0.0,
                    0.0,
                    0.0,
                    1.0
                ]
            ],
            "light_COLMAP_transform_matrix": {
                "x_pos": 5.546742727347009e-07,
                "y_pos": 5.960464477539063e-08,
                "z_pos": 4.031129360198975,
                "w_rotation": 0.5354095697402954,
                "x_rotation": 0.6065024137496948,
                "y_rotation": 0.4406498074531555,
                "z_rotation": -0.38899773359298706
            }
        },
        {
            "file_path": "C:\\Users\\maria\\OneDrive\\Documentos\\Guillem\\Blender\\lego\\relighting/r_8",
            "rotation": 0.6283185307179586,
            "transform_matrix": [
                [
                    0.01769442856311798,
                    0.2894345819950104,
                    -0.957034170627594,
                    -3.8579282760620117
                ],
                [
                    -0.9998434782028198,
                    0.005122181959450245,
                    -0.01693682372570038,
                    -0.06827452778816223
                ],
                [
                    4.656612873077393e-10,
                    0.9571840763092041,
                    0.2894798815250397,
                    1.1669307947158813
                ],
                [
                    0.0,
                    0.0,
                    0.0,
                    1.0
                ]
            ],
            "COLMAP_transform_matrix": {
                "x_pos": -6.006747810261004e-08,
                "y_pos": 4.2549800127744675e-08,
                "z_pos": 4.031128883361816,
                "w_rotation": 0.4251742362976074,
                "x_rotation": 0.5727775692939758,
                "y_rotation": -0.5627306699752808,
                "z_rotation": 0.417716383934021
            },
            "light_transform_matrix": [
                [
                    -0.3090166449546814,
                    -0.11796404421329498,
                    0.9437124133110046,
                    3.8042263984680176
                ],
                [
                    0.9510565996170044,
                    -0.03832879662513733,
                    0.306630402803421,
                    1.2360666990280151
                ],
                [
                    0.0,
                    0.9922778010368347,
                    0.12403473258018494,
                    0.5
                ],
                [
                    0.0,
                    0.0,
                    0.0,
                    1.0
                ]
            ],
            "light_COLMAP_transform_matrix": {
                "x_pos": 3.9679474639342516e-07,
                "y_pos": 2.7939677238464355e-07,
                "z_pos": 4.031128883361816,
                "w_rotation": 0.3889978528022766,
                "x_rotation": 0.4406498670578003,
                "y_rotation": 0.6065022945404053,
                "z_rotation": -0.5354095101356506
            }
        },
        {
            "file_path": "C:\\Users\\maria\\OneDrive\\Documentos\\Guillem\\Blender\\lego\\relighting/r_9",
            "rotation": 0.6283185307179586,
            "transform_matrix": [
                [
                    0.01769442856311798,
                    0.2894345819950104,
                    -0.957034170627594,
                    -3.8579282760620117
                ],
                [
                    -0.9998434782028198,
                    0.005122181959450245,
                    -0.01693682372570038,
                    -0.06827452778816223
                ],
                [
                    4.656612873077393e-10,
                    0.9571840763092041,
                    0.2894798815250397,
                    1.1669307947158813
                ],
                [
                    0.0,
                    0.0,
                    0.0,
                    1.0
                ]
            ],
            "COLMAP_transform_matrix": {
                "x_pos": -6.006747810261004e-08,
                "y_pos": 4.2549800127744675e-08,
                "z_pos": 4.031128883361816,
                "w_rotation": 0.4251742362976074,
                "x_rotation": 0.5727775692939758,
                "y_rotation": -0.5627306699752808,
                "z_rotation": 0.417716383934021
            },
            "light_transform_matrix": [
                [
                    -0.8090167045593262,
                    -0.07290584594011307,
                    0.5832467675209045,
                    2.3511428833007812
                ],
                [
                    0.5877857804298401,
                    -0.1003461629152298,
                    0.8027693033218384,
                    3.2360665798187256
                ],
                [
                    0.0,
                    0.9922778606414795,
                    0.12403473258018494,
                    0.5
                ],
                [
                    0.0,
                    0.0,
                    0.0,
                    1.0
                ]
            ],
            "light_COLMAP_transform_matrix": {
                "x_pos": -1.007611771797201e-08,
                "y_pos": -5.364418029785156e-07,
                "z_pos": 4.031128883361816,
                "w_rotation": 0.20450840890407562,
                "x_rotation": 0.2316635102033615,
                "y_rotation": 0.7129862904548645,
                "z_rotation": -0.629411518573761
            }
        },
        {
            "file_path": "C:\\Users\\maria\\OneDrive\\Documentos\\Guillem\\Blender\\lego\\relighting/r_10",
            "rotation": 0.6283185307179586,
            "transform_matrix": [
                [
                    0.3158526122570038,
                    0.1285509616136551,
                    -0.9400594830513,
                    -3.7895007133483887
                ],
                [
                    -0.9488081932067871,
                    0.04279385507106781,
                    -0.31294021010398865,
                    -1.2615022659301758
                ],
                [
                    3.7252896323280993e-09,
                    0.9907791614532471,
                    0.13548676669597626,
                    0.5461646318435669
                ],
                [
                    0.0,
                    0.0,
                    0.0,
                    1.0
                ]
            ],
            "COLMAP_transform_matrix": {
                "x_pos": -7.972900561981078e-07,
                "y_pos": 3.725290298461914e-07,
                "z_pos": 4.031129360198975,
                "w_rotation": 0.5332851409912109,
                "x_rotation": 0.6111736297607422,
                "y_rotation": -0.4406927824020386,
                "z_rotation": 0.3845303952693939
            },
            "light_transform_matrix": [
                [
                    -1.0,
                    -9.660181632398235e-08,
                    7.728145305918588e-07,
                    3.1153149393503554e-06
                ],
                [
                    7.788288485244266e-07,
                    -0.12403473258018494,
                    0.9922778606414795,
                    4.0
                ],
                [
                    0.0,
                    0.9922778606414795,
                    0.12403473258018494,
                    0.5
                ],
                [
                    0.0,
                    0.0,
                    0.0,
                    1.0
                ]
            ],
            "light_COLMAP_transform_matrix": {
                "x_pos": -4.32877041503521e-13,
                "y_pos": -2.3841889174036623e-07,
                "z_pos": 4.031128883361816,
                "w_rotation": 2.577153850324976e-07,
                "x_rotation": 2.919354926689266e-07,
                "y_rotation": 0.7496781945228577,
                "z_rotation": -0.6618025302886963
            }
        },
        {
            "file_path": "C:\\Users\\maria\\OneDrive\\Documentos\\Guillem\\Blender\\lego\\relighting/r_11",
            "rotation": 0.6283185307179586,
            "transform_matrix": [
                [
                    0.3158526122570038,
                    0.1285509616136551,
                    -0.9400594830513,
                    -3.7895007133483887
                ],
                [
                    -0.9488081932067871,
                    0.04279385507106781,
                    -0.31294021010398865,
                    -1.2615022659301758
                ],
                [
                    3.7252896323280993e-09,
                    0.9907791614532471,
                    0.13548676669597626,
                    0.5461646318435669
                ],
                [
                    0.0,
                    0.0,
                    0.0,
                    1.0
                ]
            ],
            "COLMAP_transform_matrix": {
                "x_pos": -7.972900561981078e-07,
                "y_pos": 3.725290298461914e-07,
                "z_pos": 4.031129360198975,
                "w_rotation": 0.5332851409912109,
                "x_rotation": 0.6111736297607422,
                "y_rotation": -0.4406927824020386,
                "z_rotation": 0.3845303952693939
            },
            "light_transform_matrix": [
                [
                    -0.8090176582336426,
                    0.07290568947792053,
                    -0.5832455158233643,
                    -2.35113787651062
                ],
                [
                    -0.5877845287322998,
                    -0.10034628212451935,
                    0.8027702569961548,
                    3.236070394515991
                ],
                [
                    0.0,
                    0.9922778606414795,
                    0.12403473258018494,
                    0.5
                ],
                [
                    0.0,
                    0.0,
                    0.0,
                    1.0
                ]
            ],
            "light_COLMAP_transform_matrix": {
                "x_pos": 9.60961870077881e-08,
                "y_pos": 7.450580596923828e-08,
                "z_pos": 4.031128883361816,
                "w_rotation": 0.20450793206691742,
                "x_rotation": 0.23166298866271973,
                "y_rotation": -0.712986409664154,
                "z_rotation": 0.6294118165969849
            }
        },
        {
            "file_path": "C:\\Users\\maria\\OneDrive\\Documentos\\Guillem\\Blender\\lego\\relighting/r_12",
            "rotation": 0.6283185307179586,
            "transform_matrix": [
                [
                    0.3158526122570038,
                    0.1285509616136551,
                    -0.9400594830513,
                    -3.7895007133483887
                ],
                [
                    -0.9488081932067871,
                    0.04279385507106781,
                    -0.31294021010398865,
                    -1.2615022659301758
                ],
                [
                    3.7252896323280993e-09,
                    0.9907791614532471,
                    0.13548676669597626,
                    0.5461646318435669
                ],
                [
                    0.0,
                    0.0,
                    0.0,
                    1.0
                ]
            ],
            "COLMAP_transform_matrix": {
                "x_pos": -7.972900561981078e-07,
                "y_pos": 3.725290298461914e-07,
                "z_pos": 4.031129360198975,
                "w_rotation": 0.5332851409912109,
                "x_rotation": 0.6111736297607422,
                "y_rotation": -0.4406927824020386,
                "z_rotation": 0.3845303952693939
            },
            "light_transform_matrix": [
                [
                    -0.30901819467544556,
                    0.1179639920592308,
                    -0.9437119364738464,
                    -3.8042244911193848
                ],
                [
                    -0.951056182384491,
                    -0.03832899034023285,
                    0.3066318929195404,
                    1.2360726594924927
                ],
                [
                    -3.725290742551124e-09,
                    0.9922778606414795,
                    0.12403473258018494,
                    0.5
                ],
                [
                    0.0,
                    0.0,
                    0.0,
                    1.0
                ]
            ],
            "light_COLMAP_transform_matrix": {
                "x_pos": -4.7458519247811637e-07,
                "y_pos": -4.6193599700927734e-07,
                "z_pos": 4.031128883361816,
                "w_rotation": 0.3889974057674408,
                "x_rotation": 0.4406494200229645,
                "y_rotation": -0.6065027117729187,
                "z_rotation": 0.5354097485542297
            }
        },
        {
            "file_path": "C:\\Users\\maria\\OneDrive\\Documentos\\Guillem\\Blender\\lego\\relighting/r_13",
            "rotation": 0.6283185307179586,
            "transform_matrix": [
                [
                    0.3158526122570038,
                    0.1285509616136551,
                    -0.9400594830513,
                    -3.7895007133483887
                ],
                [
                    -0.9488081932067871,
                    0.04279385507106781,
                    -0.31294021010398865,
                    -1.2615022659301758
                ],
                [
                    3.7252896323280993e-09,
                    0.9907791614532471,
                    0.13548676669597626,
                    0.5461646318435669
                ],
                [
                    0.0,
                    0.0,
                    0.0,
                    1.0
                ]
            ],
            "COLMAP_transform_matrix": {
                "x_pos": -7.972900561981078e-07,
                "y_pos": 3.725290298461914e-07,
                "z_pos": 4.031129360198975,
                "w_rotation": 0.5332851409912109,
                "x_rotation": 0.6111736297607422,
                "y_rotation": -0.4406927824020386,
                "z_rotation": 0.3845303952693939
            },
            "light_transform_matrix": [
                [
                    0.3090156614780426,
                    0.11796409636735916,
                    -0.9437127709388733,
                    -3.804227828979492
                ],
                [
                    -0.9510570168495178,
                    0.03832866996526718,
                    -0.30662935972213745,
                    -1.2360625267028809
                ],
                [
                    0.0,
                    0.9922778606414795,
                    0.12403473258018494,
                    0.5
                ],
                [
                    0.0,
                    0.0,
                    0.0,
                    1.0
                ]
            ],
            "light_COLMAP_transform_matrix": {
                "x_pos": -4.4137823351775296e-07,
                "y_pos": 1.7508864402770996e-07,
                "z_pos": 4.031128883361816,
                "w_rotation": 0.5354092717170715,
                "x_rotation": 0.6065020561218262,
                "y_rotation": -0.44065022468566895,
                "z_rotation": 0.3889981806278229
            }
        },
        {
            "file_path": "C:\\Users\\maria\\OneDrive\\Documentos\\Guillem\\Blender\\lego\\relighting/r_14",
            "rotation": 0.6283185307179586,
            "transform_matrix": [
                [
                    0.3158526122570038,
                    0.1285509616136551,
                    -0.9400594830513,
                    -3.7895007133483887
                ],
                [
                    -0.9488081932067871,
                    0.04279385507106781,
                    -0.31294021010398865,
                    -1.2615022659301758
                ],
                [
                    3.7252896323280993e-09,
                    0.9907791614532471,
                    0.13548676669597626,
                    0.5461646318435669
                ],
                [
                    0.0,
                    0.0,
                    0.0,
                    1.0
                ]
            ],
            "COLMAP_transform_matrix": {
                "x_pos": -7.972900561981078e-07,
                "y_pos": 3.725290298461914e-07,
                "z_pos": 4.031129360198975,
                "w_rotation": 0.5332851409912109,
                "x_rotation": 0.6111736297607422,
                "y_rotation": -0.4406927824020386,
                "z_rotation": 0.3845303952693939
            },
            "light_transform_matrix": [
                [
                    0.8090162873268127,
                    0.07290589809417725,
                    -0.5832472443580627,
                    -2.351144790649414
                ],
                [
                    -0.5877861976623535,
                    0.10034611076116562,
                    -0.8027689456939697,
                    -3.236065149307251
                ],
                [
                    0.0,
                    0.9922778010368347,
                    0.12403473258018494,
                    0.5
                ],
                [
                    0.0,
                    0.0,
                    0.0,
                    1.0
                ]
            ],
            "light_COLMAP_transform_matrix": {
                "x_pos": -3.1318467819119178e-09,
                "y_pos": 0.0,
                "z_pos": 4.031128883361816,
                "w_rotation": 0.629411518573761,
                "x_rotation": 0.7129862308502197,
                "y_rotation": -0.23166373372077942,
                "z_rotation": 0.20450863242149353
            }
        },
        {
            "file_path": "C:\\Users\\maria\\OneDrive\\Documentos\\Guillem\\Blender\\lego\\relighting/r_15",
            "rotation": 0.6283185307179586,
            "transform_matrix": [
                [
                    0.3158526122570038,
                    0.1285509616136551,
                    -0.9400594830513,
                    -3.7895007133483887
                ],
                [
                    -0.9488081932067871,
                    0.04279385507106781,
                    -0.31294021010398865,
                    -1.2615022659301758
                ],
                [
                    3.7252896323280993e-09,
                    0.9907791614532471,
                    0.13548676669597626,
                    0.5461646318435669
                ],
                [
                    0.0,
                    0.0,
                    0.0,
                    1.0
                ]
            ],
            "COLMAP_transform_matrix": {
                "x_pos": -7.972900561981078e-07,
                "y_pos": 3.725290298461914e-07,
                "z_pos": 4.031129360198975,
                "w_rotation": 0.5332851409912109,
                "x_rotation": 0.6111736297607422,
                "y_rotation": -0.4406927824020386,
                "z_rotation": 0.3845303952693939
            },
            "light_transform_matrix": [
                [
                    1.0,
                    1.1533054333767723e-07,
                    -9.226443467014178e-07,
                    -3.7192983199929586e-06
                ],
                [
                    -9.298246368416585e-07,
                    0.12403473258018494,
                    -0.9922778606414795,
                    -4.0
                ],
                [
                    0.0,
                    0.9922778606414795,
                    0.12403473258018494,
                    0.5
                ],
                [
                    0.0,
                    0.0,
                    0.0,
                    1.0
                ]
            ],
            "light_COLMAP_transform_matrix": {
                "x_pos": 2.2601362513301193e-13,
                "y_pos": -3.576282949779852e-07,
                "z_pos": 4.031128883361816,
                "w_rotation": 0.6618025302886963,
